5 5 3 16
0.49360308834139554612
-0.28431075243435233180
-0.53341716757154233886
0.06722013518057048942
-0.07695199292038745753
0.05545488991097058395
-0.05993401857301659114
-0.51679060909970342408
0.08345901157632421019
0.19921976741321134607
-0.31974535921010782680
0.05573099182959465048
0.18835163281236724786
-0.25532977508674303824
0.16271524979594509386
-0.14560697269524155995
-0.45841718040910134357
-0.37000260427987885503
-0.34277730274921147657
-0.18791476006742552363
0.25300537680299872711
0.19255766828951145775
-0.01300233370380063369
0.46286905748783407910
0.28194455089662895375
-0.29452377791930950401
0.23058862084707282269
-0.18168251971469767669
-0.47068642008761524265
-0.08580416258407277952
-0.26602532263887695985
-0.25194952323131797334
-0.23453395468309004568
-0.27390279535103440045
0.11173648181028293658
0.28960992556358661210
0.13820716663212762043
-0.00036991222978732119
0.83373447862111493833
0.40342179997487936927
0.05305954697020152239
0.82498053482839683870
-0.12287875121591014527
-0.16248717173783444601
0.06203600180561386762
0.19069444811100977333
-0.05791358112895347160
0.62266259919723732086
-0.37914643010010196100
0.23630576013407192382
0.39680886646527352424
-0.40121186422040733266
0.13672902137907091968
0.41751839915792432478
0.33788350296753788538
0.12702681574897273231
0.30342812916128869549
0.17004325354785793101
0.02925753912878358357
-0.06429810763143264940
0.12546333428047540259
0.43365872446229736248
0.56869907016355736307
-0.01474128165479750112
-0.05550677394773041035
0.33010000976257591887
-0.44740238084937045127
-0.22912771087002475889
0.06203104155362331590
-0.02349002276326508584
-0.13771536630386999045
-0.15919756724197087205
0.06206633674662189598
-0.16672304041516702866
-0.07229511696284872391
0.02354479096117216563
0.04349921507616063415
-0.17074279178012619074
-0.40910941366997144453
0.29916443722675628569
-0.24384820269952614535
-0.54293577970861639503
0.33521876661042177004
0.26908780724149905517
-0.59125300224535937144
0.41330437189305990753
0.68170351957987374014
-0.49543155255701920581
0.50876089342473473920
0.61035487384243880538
-0.20647582621735385833
0.24829564410420151832
-0.01747921571917476768
-0.54853898293164038424
0.18514468261823990858
0.44443318324661340579
-0.45698918762495344126
0.45855253228979736546
0.76713983637640614788
-0.16396748347524092715
0.30706518788048514645
0.77306748676707581769
-0.43134259510288630590
0.11144200976126039659
0.28013444290144695614
-0.37353117314706696384
-0.22603036067111526020
0.28564944727307783889
-0.14130126935452819170
0.18763393206043177397
0.65710553403783567017
0.14397895602156443595
0.10692967197010708191
0.58189477707210324198
-0.15046918019893612550
-0.30324201884177870436
-0.08294002169819403303
0.10126536860539939178
-0.51658595564427967073
-0.21388348478372087857
0.06266306436366572696
0.00793846415544093888
0.04068082009577079355
0.34659352277477167847
0.17508312915027007817
0.07105434681862800306
0.25837478518280243556
-0.58308963577714456594
-0.64237090130022012069
0.13520942006021796633
-0.48313865291861113338
-0.64983685729968332367
0.39808593734044467327
0.04287484328991045257
-0.26791927385129105099
0.50232773504259198294
0.00995975233261584512
-0.25556825693082946271
0.45959716253125881824
-0.36544397842997372594
-0.96325938786854570228
0.60669605305917229110
-0.27154171540588917244
-1.05447973562840013884
0.86216604675141428338
-0.16231777589344772994
-0.65263409858744447778
0.40940315956437639544
-0.13267548958741492982
-0.30933789459406818567
-0.03731552510696775626
-0.03914498441406479706
0.22255796514237063954
0.76565697515347419522
-0.65556976633829944223
-0.53096070175996323837
0.52105496443108445526
-0.42472305114948927240
-0.19818990021049856520
-0.12635475887838723552
-0.25687083379488934165
0.06150209775712444510
-0.59205209202669495383
0.27380102952894824764
0.42681113474795256968
0.23759130422724458742
-0.18367953844189677248
0.03249173816852459623
1.12141037634883278251
-0.81856682871201658092
-0.75487595311817845545
0.83029769948530218748
-0.74928258863100127840
-0.33485583117268208353
0.04975120059558595792
-0.25844800523868699527
0.15208873195509794995
-0.64226356281179919350
0.43893826262225904555
0.61200696465971093918
-0.07220606961335890306
-0.13679363988886894532
0.33398586488523218652
0.95585163023066432864
-0.73037144059288761078
-0.74030656522129001385
0.91592142444838520188
-0.79023682932939165457
-0.45796653172881102156
-0.00018873544165922865
-0.16423717014683641979
0.19061968825953842788
-0.69803522717644550521
0.30030361913785186267
0.64777747637133986647
-0.31214224425262260265
-0.00379741220081630977
0.52544926760856114356
0.47993969310343037593
-0.41069917449769893780
-0.33574998423098550981
0.58785833495504824509
-0.38900937567666382666
-0.27044485576624066603
0.03770607040411486782
-0.21817818797536778219
0.25723235498084151551
-0.60184597000893835794
0.22662073399136259400
0.49627124039424852509
-0.56929519774734715920
0.27627810226775062485
0.62027307775487328101
0.13195535638036953729
-0.29584832456530263389
-0.18635156444657050012
0.15081591311190017946
-0.30305264404762005670
0.10132029629018986239
-0.31759875752961691520
0.02279586292760604413
0.20820217988875397430
-0.57701786319485104393
0.01974118377984833070
0.45153264150957023171
0.70262968810025505650
-0.25766744638632255171
0.04912747636035409010
-0.06475648464996859588
-1.08148155714303229047
-1.03225480145705650337
-0.21126641792554143318
-1.35661956417561757604
-0.93396598768436955851
0.24316381041890064441
-0.39284580048562589560
-0.19737094040889308078
0.24876493069298591387
0.03128211570715874051
-0.05934791118117235809
-0.24815472386777737146
-0.79135234905846196796
-0.19726156444518544442
0.28245329395356888469
-0.47262154903621078628
-0.08126381165717720678
0.68565922123232758700
0.15209724043135841587
0.40711745678339422705
0.27344446477044676014
-0.14135481647956241180
0.18506594129198891685
-0.24682692835281261345
-0.07236181342001672678
0.16772090862731958705
-0.27481561645140423211
0.03273531468236629688
-0.07485933047529946816
0.54946106327886257148
1.15310233617236002068
1.15955821538578529584
0.43740134976710626225
0.76662675517645073597
0.73166837395994399618
-0.19958739772222083841
-0.01312829264873798842
0.17015573862632910052
-0.55785752259285836807
0.25907859669750099574
0.21157310632058218269
0.11539780812015977551
0.35598605989261694615
0.12272312034803009584
-0.35417186318332666284
0.09300109264598610537
-0.10900435471158714806
-0.33698391246061693005
-0.16902584664795392011
-0.09593779522825855721
-0.01292554376102180574
0.33612789357572153692
0.26296074691847143301
-0.08208075637461707819
0.51078417669381981359
0.00699604000665095434
-0.15920069564467734247
0.35405120925318078751
0.09732033853427933534
-0.24370339127929782630
0.23810557544953861453
-0.24300343425953566112
-0.14034670382219677220
0.23050283295863496780
-0.35872684030154838863
-0.37597657054962041467
0.20535690070980375244
-0.28730552481750487592
-0.17808526185716794243
0.21388111262029824156
-0.08008199008401113705
-0.43426140605432050901
0.31872500234537587405
-0.14613773000928950707
-0.18852777252224747762
0.18822603454886432939
0.00861164859604299227
-0.09503005916001290576
0.17349904681429051401
0.29271175455471526439
0.22802288424600988814
-0.06734001670027245368
0.74646616907657814544
0.28514058568996530907
-0.84296208020861917998
0.25153911686220797872
-0.34554453362568049446
0.92868685471310052915
-0.61959026620541501895
-0.05278529700085433929
1.26457719877205820858
-0.28820622857880456857
-0.99112628760753507251
0.09511344698095075545
-1.30344856966488342742
-0.17537735305224505522
-0.11800707004062066519
0.06230520697524825902
0.30140262205700185660
-0.19542256634642488078
0.34134878842414723144
-0.78363958883784923248
0.69213702922792730288
-1.25974075812846897371
-0.00247921562337647750
1.57448313035779108304
-0.32851850635313450955
0.12071975290534572856
1.12981338845722745212
-0.39594901460931514192
-0.13905372941973728751
0.34290334063904809314
0.03169456325374064853
-0.18117441424765273750
-0.39498647205393455639
0.27953925264438045373
-0.38933581398145344910
0.66687957830613264765
-0.46360279180778846131
-0.45140362570296171940
0.56708037560764301688
-0.70851514174404706115
-0.05992825599556905053
0.56862440712293382816
-0.43195479087611166058
-0.57197465303515504509
0.07192974805985988263
-0.31587996827133152378
0.06286679472554777826
-0.06297011393434916171
0.01041164696680672505
0.23891472028343158085
-0.11343419911709390346
0.49366999103025782647
-0.26958574017020681124
-0.07332936975868158125
0.04469654308759745537
-0.10636547122183226399
-0.00793898469303416267
0.00035780438675959254
0.21202559179452329374
-0.12954900199420871232
0.19661822841070239476
0.21687062943377960478
-0.24610717507019719275
0.41018477440762163289
-0.18310245472626662799
0.23219344845298631186
0.01164102038594092177
-0.18184124383517444312
0.12953216647653603699
-0.20580360105486325550
-0.22640003366645899963
0.49384820515248600836
0.04359347938709102338
0.21831812688098059527
0.39429353047312498681
-0.13099695794351939870
-0.29721362474503915108
0.34621153105873908595
0.21790100194907879860
0.20231852438874345368
-0.34574721512268108414
0.19750882773218009225
0.21947660516960590393
-0.20617697597935594200
0.43580032772018661991
0.23298956232840267733
0.25831002205883329959
0.33797227954574937669
0.03534236390302259584
0.03926025579387984465
0.46040693073914451539
0.12295938643757477193
-0.09706524516809818259
0.10226280604322396384
0.11132042978048983795
-0.45522693093750776772
0.12087701325361129012
-0.42658849133547754873
-0.73273623928473485822
-0.24154171510020289171
-0.77083815129936184007
-1.39472427426479050894
-0.68519510470314803907
-0.90647972689179412420
-1.44959651335818939799
-0.90471162922124037653
-0.52819782746338606039
-1.01237794828807836645
-0.51149306894999235773
0.35257477664256148264
-0.02117534169966638416
0.04805788279491119558
0.56517360330463939366
0.31560731106080208708
0.34335780997522374891
1.24255582132452313537
1.14364333089103120678
1.14202942454673261885
1.59450387947503169350
1.61106366295486180817
1.01653282732108274367
0.98213699119925013115
0.97064057760905220196
0.78004769123485262483
-0.19565499828354626644
0.10078945115032687807
0.01178618737236171096
-0.45165940961466904957
-0.17384075679677307713
-0.40997898341519306564
-0.47213233024372636137
-0.03194902891057824212
-0.62392078342479750930
-0.85950174520241473530
-0.36523759026161750629
-0.91052663703274017148
-0.27295743169886771406
-0.23160974455939081773
-0.54545595327765794558
0.41121881348178790372
0.38681941398407360122
-0.16278174844120935072
0.22467714438807354083
-0.14852584670337837247
-0.15941055042150206744
-0.20570155833713640869
-0.50967850458032148975
-0.46886676292215578865
0.26493205178428647084
0.01948877373745023373
-0.17204190528222965129
0.08489677403904170860
0.03758077779596050855
-0.06146380458692455445
0.39092465986541907741
0.30260531851133842807
0.13281705325103740356
-0.15786650208198232948
-0.06151444831095728705
0.03919196541726681360
-0.48362270668529261375
-0.29399824888340619911
-0.38818489394775362866
-0.12498272133830011510
0.01465445288164411719
0.01695593636512830737
-0.04273165211961566651
-0.29503785857379888347
-0.25605529203428090135
0.64271725641914889682
0.60040486928123693033
0.38774840483338501862
-0.21627710777913747298
0.01648245136501587382
0.31425011258704305117
-0.28430247103143169163
0.10406111722345021131
0.24653981875922101330
-0.06188921666898193619
0.38021534355641906089
0.51898014219680088654
0.07137570400402065696
0.12506133121519416584
0.24281237814753756088
0.26948816659572250032
-0.12919992384857156842
0.03341009791955669439
-0.31909582580202150437
-0.03629836028536200659
0.33240074229552651897
-1.01116862739856894216
-0.54837662852856960960
-0.02875015296772192100
-0.28523805991423822892
0.20991621218863731890
0.33834557944611609592
-0.20008988003800312616
-0.05732372657948984346
0.11897503769369939530
0.43681893657770970441
-0.02290605137419701384
-0.23026410526707272175
0.19924543251210588557
0.37046381329593436327
0.27736648917112471935
-0.72679918871311055550
-0.29542440983185397352
0.02853521840079206381
-0.08948865748124341934
-0.11857509676681775301
0.01402074326158614208
-0.29490697294221562830
0.13548526716525766123
0.11256660156775462334
0.06271029151654101963
0.01047740102730298703
0.04734311821578968821
-0.23978065380539984042
-0.39834906816432591459
-0.28342428510723949309
0.54541078073419990702
0.34749300232141350220
0.21423302055099849306
-0.04894595390781052852
-0.04585361753142982999
-0.43055138406191501010
-0.23554806933005018044
0.17752976222943428475
0.11437583752009801430
0.00675459582832133466
0.01793997258455125310
-0.07967187255257787704
-0.50081756948254763095
-0.96063989348622014219
-0.27448100799654001625
0.11793547681725451148
-0.02611381345728535502
0.18039715709724815640
1.07596697949121300475
1.00742182185690420937
0.81497670316093240306
-0.14474454154919014215
-0.28372600735178021836
-0.57965324929868633497
0.73384397189496586300
0.47474739693350825886
0.36393549576704586901
0.06694512221796249107
-0.11603105404724858851
0.19517953391206660507
-1.95707064974552902292
-2.16884785401442137243
-1.45305913098187122756
0.16294966431500587656
0.14208056498416229974
0.20661312414752142086
0.73579761526719800191
0.71069372708468969702
0.45882992571727876374
-0.33219186169278364096
-0.00704037694904919784
-0.50315876344171106549
1.46238305303940085977
1.46962528888386900761
1.36804781020280619153
0.34926778067559288710
0.07788176135113185350
0.34710994027703229170
-1.21280507977587870272
-1.29687438292734835699
-0.88581461719512244457
-0.12242059984684430796
-0.43608975700712243606
-0.06916131816472628757
-0.70054412458633108507
0.47340655131223335905
0.09321265791361450781
-0.61710970599140002602
-0.47234597473065159656
-0.77146500208784174468
0.87668778496877119988
0.77792318361216383771
0.63694642975328497059
0.21646031026544532150
-0.05769800758697053028
0.28944526706384504644
0.13479638204425020698
-0.29469600735573886485
-0.03036733883403911968
-0.14837760124370269477
-0.04643021129150132209
-0.44636720183124023453
-0.26036396088905389146
-0.00889023411323527565
-0.31915343453817190955
0.08877871819142274523
0.08194375582553607706
0.14643808289046630899
0.29482138045839678675
0.22168768224116236487
0.26670406701922066972
0.04914441064627308314
0.15739377330098114349
0.25657281151106609007
-0.44089436667473030917
-0.21202568970125712511
-0.48778395207949054591
-0.13073096054585264802
-0.18390930766535312779
-0.54545734371595355761
0.32464401959386701702
0.26075326864602144106
0.18719378385885296345
0.22195045755929140863
0.28342534084414006124
0.60274904426354458664
-0.06607162338516461841
-0.02325728328622888447
0.32839667674613642889
-0.07706982007653026545
-0.02698057435688752323
-0.10984781014428376955
-0.15210190782258611875
-0.18662125507018609283
-0.19898408783891571860
-0.00390617548195520492
-0.16110143720569872205
-0.15948848647784352739
0.37017064627281726086
0.19247123906469496002
0.46704797810320253237
-0.39005194720338509651
-0.30829620099022381208
0.20114788712174111462
0.13623422744158036890
0.23286758173320903920
-0.02356002103436476147
0.21015452793542990784
0.10279533647397073870
0.25008533848651942622
-0.15462077361099996198
-0.50093730702407934796
-0.00189089625971074877
-0.31878079645476353754
-0.49160999750249412266
-0.17399915678322003254
-0.48502939810576178870
-0.47629111645902244554
0.42921193537063012657
0.15687615017910588877
0.13635065768773188544
-0.04662566840272696495
0.20380842050513778285
0.20683299542678243443
0.14473825771439369214
-0.00980851361353535754
-0.01074419137237267279
0.25035986033256563132
-0.47076767457734591815
-0.57871642795498801082
-0.17030277185884051816
-0.31051062317029093363
-0.26467920191665028629
0.59530095383560055478
0.09264846273562080126
0.35180174532568075918
-0.08798090349027523627
0.05032578323299376905
0.01958453560697644147
-0.23831220394589508471
0.20217986964339962341
0.08739929358639030033
-0.47800247173122062394
0.15974595700110530427
0.20232606630016000682
-0.45441593556056364411
0.15278497886391806393
0.12067296109851484431
-0.47404295769914817082
0.31219620988439716891
0.40698679557355410541
0.08341588511359264435
0.08888231103664062660
0.29623308797094488609
-0.03704711266008915010
0.13079150311738843571
-0.02681027039683459012
-0.13832470734579399574
0.22896629474870874854
0.11533430702124485012
-0.33588773868294163893
0.11321179790644690655
0.05639983745614628868
-0.34702180807260107898
0.11319828035976942093
0.09977014336639725145
-0.10522086078451399482
0.35557725310208759817
0.24816966278341429097
0.24120451141944529438
0.22597268982239218649
0.16713191363147111845
0.27250233481451274775
0.23830041586170816470
0.10474589551450387559
-0.08478629987996781636
0.29122293151708833481
0.06714819957491709179
-0.09838224480633743496
-0.29028461285655254853
-0.42833350266514463867
-0.08083203896440020741
0.00520431138378716837
-0.15462680889970412124
-0.11624097223885554442
-0.06642247130473820371
-0.15245893407220909022
0.33428469723459275365
0.01476109809944347109
0.11387568183981928993
0.51997167024015933379
-0.00273760227304318746
0.18182985726636705093
0.22072088714782042707
-0.14721727452656641066
-0.15218265882104603515
0.05306735779480987319
-0.31167848256828611930
-0.45550827940126198401
0.17749408804138339102
-0.47437297051592525188
-0.50486707142683595606
0.26344115377688320789
-0.72973732670994262417
-0.37236797980630242932
0.32457571315446259730
-0.59272243767530841119
-0.13667349487971933164
0.55225010813648800490
-0.06815981319868574806
0.07090282732218008976
-0.40529690432725506977
-0.20632136301823458813
0.09713911692892249206
0.33299990055162109748
-0.58013459587559468300
0.12462349545137106632
0.23032214747706347691
-0.48180398373828997594
0.11467544412063665482
-0.03694007245840821158
0.16880992703844710512
-0.08627133317724580697
0.19179534127903463681
-0.22556192989199808085
0.02034848221822869660
-0.34729844788844266290
-0.29930888769424002227
0.46257586653379811903
0.71903461656217471099
-0.65173102742061428394
0.10677187036266991282
0.35008955683246206769
-0.59046712278295354626
0.06040883130953944580
0.71359369965802632585
-0.48580673082510195115
-0.13600312282872181746
0.50594881828802895640
-0.02389428317682526851
0.12018469554312893877
-0.27716996266446342068
-0.12961085487974718933
-0.13441308365390577939
0.25178788141730540362
-0.95801702838652647021
0.05227022768079588044
0.51695139739957918223
-0.71858850424537812351
0.00456296675147577213
0.29875684624096865427
-0.40743310307819835536
-0.41042901320498337281
0.58084871215418554247
0.81177574861923229577
-0.06084493167446627243
-0.44706890489900824592
0.27537949279652434997
0.13492131957179323565
0.18910735636270784021
-0.17966413406637299355
0.18635702578365673232
0.08936938417457739037
-0.27480577453058374626
0.02702282570086275357
0.25462024498830432284
-0.14433466240036774142
-0.16927660858364271257
0.13683808058077473468
0.56828802826083280042
0.00113701824716816425
-0.60694084760402888801
0.30316184961954545374
0.06035376086004218266
-0.49100432342979688505
0.38034147542559881838
0.04622117784785433753
-0.28794805291164959904
0.19389526560187730908
0.21967400183692137317
-0.24334853854932414485
0.31667324448282418992
0.05661720017879910694
-0.04398271188285463734
-0.27329236835501596881
0.02836769127145047711
0.36305385095785108751
-0.09285805763535026625
0.09779774412039257681
-0.24732215153641626260
0.23411997625977584714
-0.50115343368192311058
-0.65275875717297338063
0.47140513753626878124
-0.14739780071175540010
-0.09065907780150390949
0.23177138136084435294
-0.06286360918616155924
-0.15407750596648767116
0.08994668470070663058
-0.05163423361006135026
-0.31899334576013449460
0.36158816509869007305
-0.24412069783880463447
-0.60643678627081620824
0.91876613860538958178
0.23021068315003775928
0.04611715915106449210
0.51458323539778361155
0.42706166757697805458
0.57819294576743973657
-0.26997239995690996972
-0.34189760616389930359
-0.06956594286293281415
0.55343990177433421973
0.17616734402556380457
-0.24435158599256057155
0.91150927032295059327
0.46174946819154660815
-0.03854715956887465322
0.73619546630386978325
0.27669349982502644547
0.29968859379240148089
-0.65677768531077163061
-0.52565768649609800889
-0.31854687210011134457
-0.88834822074122810065
-0.19242972876295352802
-0.14229918474804198469
0.69071069954555053272
0.09375793585963540511
-0.02169831281357261638
0.07824625463234199940
-0.06422265443921877648
-0.08779870793889589520
-0.75572174316415963169
-0.83328539598230688679
-0.29844521492052766831
-0.92952681022927763355
-0.75822624273634431358
-0.22019074658021967061
-0.00865325014893420820
0.32847025673360263909
0.65864699373909008084
-0.02020236785453432410
-0.08605048559640789130
0.18266244028229874918
-0.43226123080111977792
-0.13799151067966577977
-0.00202409720266232560
-0.29961364536891360588
-0.32690814646004373589
0.33071668191639791434
-0.04475070910540013269
0.10693468617687558464
0.55879110284569111222
-0.05454609970159922383
0.27336626393382651434
0.44301247175941088630
0.01089266100518722878
0.00011900558613334966
-0.05965150902365703306
-0.04368017143756568188
0.12061354993309522654
0.00761458034638352790
-0.13251692693226801989
0.30019872173306660912
0.04601033465674968237
0.03492485831628375226
-0.10060927906395494835
-0.00486670354684386099
0.16991306590754340355
0.01234039565480886912
0.02081300775657286134
-0.14227018027261792432
-0.21644458620171008745
-0.40097371904529116593
-0.16426323351582669541
0.18067957913860921426
-0.19092260977834013547
0.21775305880297615713
0.51429323512020486131
0.16214258350797708386
-0.10731977098974693208
-0.05995215705219911900
0.04574933519444662061
0.25605663353876484400
-0.04623693823021399196
-0.00836001226978784658
-0.87747538846219685915
-0.90446227283897695504
-1.27898229754001557801
0.95069885212691285226
1.42383786157590996879
1.08781132891863308032
0.28981806678603733163
0.52927306171317900496
0.49270896585322221384
-0.76213436403590162360
-0.85679799993247329759
-0.50689985582282615084
0.15419726009649964427
-0.21334742625277455796
0.05842096502412095355
0.25960935689906405877
0.27920706029970016049
-0.29002343370459160443
0.93368296253253924011
1.20887655762543344551
1.17884940002499361000
-1.23955665487424471216
-1.10176137867077250654
-0.81285056285584389446
-0.18507681493030289643
-0.34359199509813564966
-0.10659407196158091069
0.43006633453208586992
0.27266437162594692190
0.28648745378558820862
0.30371863971910301183
-0.05488964336166219510
-0.01242925353003129438
-0.37241681970316004024
-0.51278728324188171950
0.00929111461851389771
-0.27178881158140100194
-0.39766276818578139007
-0.04770061267390093146
0.54009738421146791243
0.36099746733129900456
0.63972808762703747831
-0.06174446978941080383
-0.35783867713597045102
-0.28119665325530107669
0.12666331533236396822
0.11119021195982095596
-0.06365074463980952002
-0.22671185256760381654
-0.01440020249368914422
0.28900443206802262086
-0.30812526172855447815
0.06055816721480793141
0.36450313342459089716
-0.29134719988211099650
-0.18456067153866709263
-0.05289015932868686154
0.37758312643817676379
-0.12966112536686358325
-0.09417419023519749133
-0.27603765322650364311
0.00059609912986303482
0.30281482584089131072
-0.03376299014161530943
0.11063372635988523440
0.55725658683087109235
-0.68496405369955670750
-0.33445137892079074282
-0.11711718285326032374
-0.20153325608346916997
-0.12679520933573326658
-0.28200032770364713564
0.93623165230815719173
0.18038770243018989459
-0.25762410184807327251
-0.13041341573194217829
-0.17253777470676498473
0.20876673761089625803
-0.54689428942671691747
0.07363900652506229216
0.25267241089562286760
-0.87857024858620258456
-0.53410501583760250366
-0.40713954362256266073
0.20308745655917970208
0.16563411419140627867
0.25903508085212162415
0.86850957214992474675
0.33105420407421964901
-0.42682357457280617474
-0.04335774342997603809
0.07220816341661763504
0.22170807946957299395
-0.50816443593697568915
0.01228521088445104666
0.05163850658867164684
-0.43405592321499603115
-0.17609824579040542214
0.19157004892492565662
0.29587512647845176650
0.39365453040495412829
0.28904572962689734084
0.70180559339788683992
0.09972247704580042282
-0.51585591902802896414
0.09957565252968759995
-0.06858766513987965552
0.27209690126120761322
-0.17950916768757660402
-0.21040457533907741539
-0.17142048887005395530
0.04720436790731958460
0.09282541696154963939
-0.05694935028654679599
0.32872608538769954034
0.12467829959207724078
-0.24450347116788040402
0.67680851957272758490
-0.02476642946580407192
-0.38519289884476182184
-0.52864397204583513101
-0.36532799013519290376
0.24488352369658805685
0.11294737559318564213
0.19414850290341501005
0.39706904302307383103
0.19882338206515035028
-0.16629293671228315143
0.02540839821030917503
0.08233212800241282436
0.38265761924019836560
0.16282747942184788714
0.17836728676595284271
0.18280734492711955830
-0.09611863748249953321
-0.31989740911651431965
-0.65185176428317959108
0.06987269227844822295
-0.41413048155505560732
-0.68517901122482027798
0.02198491458361450865
-0.24286330528943056439
-0.16028804154347683908
-0.33038248401737563276
0.18629277157379722785
0.03865010012705324960
-0.00757919576264046591
-0.03275129532007808181
0.02449547683193713243
-0.09018910255961805345
0.42012527518193082399
-0.02096181503987510145
0.50634543439824009070
0.24675080566425491857
-0.06183505039506010520
-0.11485483358419287803
-0.41466506458771607013
-0.49978892966572241452
-0.56721672636719933092
-0.03724818519551396229
-0.15610469793763293023
-0.32259044396074210148
-0.27438557510091982072
-0.05747027807907878483
-0.35696244072029914562
0.22802000034865160805
-0.40795151345229285766
-0.18431857906748255749
0.64532996020823052419
0.06426249778319309547
0.44934772416705770492
-0.21957370307214424399
-0.35100262785223818041
-0.30003214250921506068
-0.18569414137015266553
-0.26251737127361723934
-0.44837255552989652152
0.15863273619053749885
-0.02123994840054831482
0.19161841580808319785
0.17167114023061111339
-0.01224001423380534359
0.05757402293226890344
0.53496608412087032214
0.11144366870367800049
0.17286288351349873849
-0.24020286412822572375
-0.64515533294708027334
-0.09883962023030520849
-0.28001154638387604212
-0.44956053628097447650
-0.20456287657425381576
0.24990550919575449385
0.02371378821734747983
-0.15201154408049247224
-0.28233023638100723796
-0.05136876237852427973
0.12689249027602342301
0.45632224435528090378
0.25739836481779332367
0.43927387671187134721
0.29330155289886089554
-0.18581823389381488254
-0.01312811743216882147
0.07772814217446875895
-0.12255582517107656282
-0.04027941648413493198
-0.31043296886031657156
-0.22802590282156995349
-0.03133802062740059791
-0.46033256582834175541
-0.32240016588786851726
-0.24882304628811177660
0.43566418152615021819
0.35390816173472761097
0.46107742783924759999
0.51663286680955466945
0.40761312622203221823
0.42749314026339635397
-0.10152809943576751595
0.01242807950621752783
0.01239142139593669457
-0.33706886073575181850
-0.08851702183453293016
0.17695824299169607419
-0.38004174596343415216
-0.17892557991985982846
-0.28841739177648906267
-0.37162199608867230172
-0.16388564387381171494
-0.35479013459762237526
0.60053503548072595386
0.40115868886293415407
0.30212958201284934034
0.27328169456915030189
0.07197851510866878910
0.38436047440091025695
-0.22671028181340580065
-0.17054013553761143696
0.13976240935336983751
-0.01732262561444158563
0.06297895901189692891
-0.22091085571974261592
-0.32597579751260596925
-0.33677827525488257532
-0.67147222650834870183
0.02372284057553835507
-0.15292611011509152363
-0.35171125028532906898
0.46675907493259360947
0.15598543806405792966
0.34931120073004667814
0.01304415803002207525
-0.12459213041676826805
0.09947697333850875900
-0.13633185120511637223
-0.03489393670558223887
0.08447756109376716727
-0.22910296986463224433
0.02896786648110449489
-0.19802281800299909031
0.01624995321903152656
-0.12497024267575010392
-0.72410410766025523621
0.39466812756557007047
0.23361217959188937399
-0.09428009205248881475
0.12815792938180878280
0.00575520214231266605
0.02983069097478946788
-0.32179510324519605691
-0.14442813007009119852
-0.58773068537623895935
-0.22595970233335307964
-0.23811690983397612587
-0.15822423528391718617
-0.37932491293092368556
-0.20750268206857352959
-0.41224989476220658124
-0.13194352581382567946
0.03052962867692807919
-0.26409565749388613787
-0.25453128729923618634
-0.20683394260712190116
-1.36916524630627534087
-0.29312733946565133758
