320 10
-0.05913591268812624230
0.24009933510777792254
0.02174456604295353646
-0.05921062801100381717
-0.18681701117944873869
-0.06258236936008539086
-0.01658545461570497259
-0.07345307525491157064
-0.00291550316774557812
-0.25228824857543957760
0.06925346135597724995
-0.06901063918436578515
0.00632841014680368599
-0.10834751551056767682
-0.02351582023857209935
0.24769394133771233113
0.02901692049824862799
0.04469434097579470799
-0.25480356016895000515
0.02755599013796450683
-0.13700083737438281672
-0.07849586913430757484
0.00774524369607909081
-0.07147510000564966104
0.29404297279406721444
0.09033501271210535311
-0.06387567336128062434
0.12412313267386121396
0.22022585035170472167
0.00623507731874278510
0.00225684310642485647
-0.04123114906367287419
-0.09926865715295973835
-0.03485271819360926532
-0.05576308409139129479
0.23396300927233562583
0.05044274893696205214
-0.18975340788316266694
-0.21772432634965657727
-0.11379126736824349275
-0.08843271868298484273
-0.00604251442046190718
0.13901569274010844302
0.00813304660948121344
0.00179916994915915208
0.09120177662547866715
-0.05387582371688107163
0.02868710515686341556
0.28855690263508504412
-0.03386503004067994288
0.05670642491785461703
-0.09861550272762539815
-0.05723253320980512676
-0.19635216079153444690
0.00863656418238981267
0.20137984937446595790
0.01648493471926595552
-0.07693040880175762430
-0.12731874154492739404
-0.10993603909786459072
-0.00360913100173358269
-0.03358226674160717795
0.07897307033414850685
-0.00378975713433732939
-0.08161660725238675806
-0.03988585091034371061
-0.01298905950513173056
-0.05916111384179589122
0.08708904090730286429
-0.22909544720426863740
-0.00960211894889393888
0.01636234612512958361
-0.16428745062457916770
-0.31952506078916775856
0.14543587326354875944
0.14629525883701385847
0.07276110269453466006
-0.08878224004802383329
0.09339730771363398409
0.06620174922673921492
0.13322742521983216291
0.15129757168588647831
0.03629837037584636439
-0.04006978524199502484
-0.06569904426152975430
0.02568146641881038222
0.08595388114803134694
-0.00345214151776126674
-0.01993860235038403747
-0.21005097546157955324
0.13572909029812804671
-0.05019459538755283168
0.14128204770471233798
-0.03820155778644041683
-0.14856176328750569926
-0.03095841945034151499
-0.03951716199512474853
-0.09371177458769924806
-0.27843103598296070622
-0.15375939780215994168
-0.16929422454320980362
-0.04563334070790931590
-0.18884325904253107531
-0.10312636486674076064
-0.00323553256427716032
0.03710352601139627754
0.03338215038966222542
-0.06290623726125965653
0.12458766242955127135
-0.14095917412307787386
0.06856692021368575307
-0.09463094233117004539
-0.12339638811176864563
0.15581501027307320673
0.25107466665241545689
-0.01232442147926079631
0.03108659192322513545
-0.01046416764343657997
-0.17810595480249266642
-0.20547587221644481037
-0.14961423653470201645
-0.08228451410348550099
-0.06672969161009888184
-0.12951764161486320481
0.02871325222506048921
-0.07650563258595070859
0.05534635011919392805
-0.11181307144755352201
0.14475901642221497556
0.03451291057129824563
0.00144338866163073098
-0.06250063029772494338
0.02136627345239815873
0.04851767704508284929
0.20473800722601870339
0.04230272299071416442
-0.04277634319187811895
-0.09475569480743480100
-0.06225475296842403194
-0.03940322960769546828
-0.16523162550134823379
-0.02668309097521047099
-0.11172538041437719836
-0.02387573230279980974
-0.07261081728460808127
-0.03559333928126721253
0.10130281341167250708
-0.09680589019131270734
-0.08156418408748591919
0.02197305435256013267
-0.20161301025733455172
0.13446841659473748876
0.12474164840856677428
0.07005512169838182257
-0.08725163065010212160
0.19238083701829439276
-0.00978892468540670455
-0.04386854864163624440
-0.12926789132004296023
0.21225309482253520987
0.14514434454218894111
-0.00079765160373927409
0.07273966596945886931
0.03898515552343036900
0.12353019177061023981
-0.05210633459216656993
0.09936272565969123116
-0.02670974325658476145
0.08952517161006207091
-0.06566023535600511163
0.17376977596536097304
-0.07637446718975224313
0.16468849397993626238
-0.01764853516867827612
-0.00575520374468485151
-0.02359120311678946508
-0.04238983711758503858
-0.14234800082021625833
-0.25638500085822979457
-0.22027498523151439747
-0.03070334185063883572
-0.03719249208847168892
0.17714603286298316598
-0.03390743875192169660
-0.07094434301126129050
-0.01891384849861699191
0.08936196051588235489
-0.14525548002015281623
0.02176629966449599926
-0.07391501390635904500
0.08493055928227770390
-0.14549047576133006254
-0.22622619514952413411
0.13573272147188261694
0.06985185651521441663
0.02895998701919750076
-0.08485968217649100809
-0.09211159615150792124
-0.04627065015912187884
-0.06396885790325859689
-0.05061600655655518893
-0.09795860398291382498
0.04197556440858927346
-0.16442640953254555880
-0.15177947531234053935
-0.02716863003249424605
0.04769665947769647502
-0.19020888563940535620
-0.12655560445885596921
-0.08027252362937237207
0.07924627114369940661
-0.11427612212602890340
0.04937898803828506822
0.36462617616749060101
0.13678444730687622233
0.05800093335013355167
-0.13930012793025281503
-0.13539830236908956262
-0.01535250892871250182
0.02960227438893744956
-0.07633611849851514031
-0.13271165179700980530
-0.03389744737759024101
-0.04053046622543062666
0.01368555861760934085
0.03156171187101181747
0.02660139836006587821
-0.09953293387579220663
-0.05757644403324626431
-0.06568586090865033422
-0.16663090614065223516
0.09851053630604771072
0.41455261440249785432
0.10829280785888463490
-0.05814532268477941995
0.09156260739974891871
0.05380634013482346600
-0.21310998402329761614
0.03295276108807695253
0.31840666271626616446
0.01288165628511097303
0.02036538143798746411
0.39208689300758986507
0.19080769404644309928
-0.12308902738477818517
-0.07615878430428610346
0.17077261277555072505
0.09905626087314163553
0.20165841331623887700
-0.15575107343028035678
-0.01656464470429707542
-0.02808273752517979546
-0.04953473863329237170
-0.06147688408658114750
0.10184825229492386334
0.14609780339856709430
0.02901839225411492057
0.01226896767128535931
-0.07059042056923864328
-0.08453375833686044283
-0.00023961438834106905
-0.09155913355801617581
0.38116587787669403697
0.13850795248520980651
-0.11179568798874219004
0.03450281935871753192
0.08570019412166308970
-0.02773689252090854110
-0.06671827238570410268
0.01814131713896082604
-0.01649314212432642299
-0.09613380500094780012
-0.05721840630087463020
0.06332925703935578243
0.17282247549977683421
0.07756397537871316528
0.02679060436493620190
-0.11722792788207517245
-0.00628333406963995506
-0.10554621310131109824
0.02352874826237347228
-0.06008767637222054564
0.15963654203934632414
0.10685595101129785611
-0.06234725785702208839
-0.00535847156521047138
0.03648555626474636604
-0.08776791601256585251
-0.15712972835025421081
-0.10927477424663807615
0.09484760803955723241
0.01770755480882910821
-0.12797911774953615871
0.29734344127456951989
0.13127844354942616589
0.03143645556500765381
0.13591597512606573561
-0.10446315277820165945
0.10725252181310748756
-0.10342526214552928698
-0.02106000590106223147
-0.03946701460102487041
0.01580081216398121838
-0.07310406822283128936
-0.01809148665411440191
0.08941637878439352705
-0.02945638657347778369
-0.02972195388539558905
-0.11325294125767235154
-0.08330633609112608751
0.08918028743292584493
0.12377864029528225231
0.21985143734374115732
0.06740357642199100441
-0.06720273250805230969
-0.02651088765369226385
0.06459623053115358393
-0.18928688988182529318
0.08346605520439891179
-0.00176049568115237230
0.33400653373697103410
0.11248378999228865471
0.22133974224590774460
0.01727753504100434587
0.07570766426664385373
-0.00771319647024400808
0.06096986812467752870
0.13180202465076490403
0.13569717941459916166
0.01647220333684213528
-0.03895978031114320783
0.16394379643240078459
0.07738951284836849409
0.07901471969706065634
0.09070568042512143492
-0.25919647623925096136
-0.06548880701159287554
-0.05637065337110484103
-0.24443416517774621544
0.06404369906878557006
0.11395123230204670661
0.03750526666596601388
-0.12237028108384605252
0.02069222449427024837
-0.00210768529669631659
-0.05012333699893272571
0.17363820855186709591
-0.09797971923912904280
-0.10904628763315506179
0.00026430939777732579
-0.01236193532178878757
0.00972232511856382584
0.11784441058188403761
-0.04728476406910748359
0.09506668601405567076
-0.25020757828733991568
0.10811127399463045518
-0.08174216930446513707
-0.32114287777337363616
0.10975509295173367652
0.01929516398191138266
0.00230955899675201878
-0.08850918477616763480
-0.01885391719751778467
-0.06943609474535261672
0.02539445865878907707
0.12910136942065192356
-0.00184970148437332491
-0.05115783149731385759
0.18652750787268154720
-0.17755611397985754385
0.10203340512722278155
-0.12956307225677812789
-0.05319167948148341429
0.10239427502809649029
-0.25605105472652783805
0.11937908708223285426
-0.14234694241354559074
-0.06156759243903726919
0.13605203260915574304
-0.03788350557736450824
0.00477480483709404914
-0.06125620852450534837
0.00650194212477583303
-0.04593512913714468959
0.03988344077368047996
0.14824869875275303865
0.09970570930481624516
0.16198292738175837369
0.03812336713893815093
-0.15269518121966565993
0.08753968789638434667
0.04322794785199848833
0.06944671489419639021
-0.14592400241953412676
-0.14829856057562751381
-0.03082952017473057638
0.02707414579754088835
-0.15376647560583753260
-0.06157984739409164826
0.06702031171673950016
-0.02471205302870786713
0.07219270986016325387
0.07092044742517042422
-0.01044072422537924497
0.09142816544611416518
-0.05602434461654343806
0.00467402552954373791
-0.26866627653532165754
-0.07148956488622887351
-0.13235780139834574243
-0.05365898865472888690
-0.18669285149721295824
0.08205581669002984246
0.03580963360511671412
-0.15224094843855534576
0.23267602005617202265
-0.03213071187793307970
0.04063174794977053583
-0.10355713055522584864
-0.07033563011071501669
0.05250447178782133989
0.04403352152334383957
0.08339621243895567471
-0.08739410561780737441
0.01090045731218847007
0.02356712312597687362
0.00148228388767265200
-0.17433748187143194297
-0.15350885601869804220
-0.17981626509373963008
0.05110622370181867186
-0.09169918342109996401
0.02713891927633444237
0.27399078669283366549
-0.00460745988183961733
0.28167678733694917481
0.04921131705917276139
-0.09303649447810682926
0.19968238488666831265
-0.08918849667096144518
-0.19609206798299541608
0.03701670038686685066
-0.18749099874634739260
-0.13298830234642136650
-0.11571603172025710093
0.03451523796783568382
-0.16188506115490305937
-0.12501436858423400911
0.06636557469668996623
-0.17184451039248990756
0.23154009329268146478
-0.09041469518347317047
-0.12099550350318930003
0.26301505743271236248
-0.12802501393023302256
0.44085046857776677420
0.13804830625376551811
-0.10038610591155613938
0.09832246994130965090
-0.03828994335621487000
-0.06854678054260150699
0.06500287214519984147
-0.09660358896218346203
0.00680003080052355661
-0.09226056614447143700
0.07653280202467534210
0.06751336636427054949
-0.05504534075006155963
-0.15147245061837111280
0.13219818111785308634
0.08473149289775422366
-0.00758575993870293144
0.02372783707420801289
0.27400781943438079491
0.01545737601514285235
0.19676620680586540124
0.10164514307257338510
0.05194681912515073524
-0.12791803977557109073
-0.00925800993105427815
0.06261805016186389183
-0.04343487545518791293
-0.03140012355075570000
-0.00562707155046031793
0.05184662607266991158
-0.10623357240300741744
-0.17672048105352594627
-0.22784798454815013979
-0.03267699691005203355
0.04810406951103354117
-0.29691398065436114262
0.01532042066929702705
0.22854700241512929115
0.32869125998057574511
0.05561380832480538466
0.20120758220163043051
0.01998748955494610707
-0.04894863500648088256
0.05516816145119102927
0.06550062981570980991
0.06050449919048966202
0.01131942194585867575
0.00049786809982671270
-0.08604110045240401239
-0.00498872337650900152
0.12736004545038431823
-0.12627518000328658010
-0.17203848892059916964
-0.10068791879441846282
-0.13911475433256356715
-0.05765124999270750811
0.00893902223803060177
0.10919201221368725341
0.26719311465278583473
0.11522542941207739031
0.34800715407367333043
0.01617182123986686190
-0.02370377190471596035
0.13191907669524877145
-0.04071990990483907724
-0.03797180770971769065
0.14570219509097204202
-0.17011791167472797848
-0.14496064403960415290
-0.14168651913918350882
0.05927193123224695770
-0.18791436738639610837
-0.12530651924830352173
-0.17451253096171698287
-0.18935095466340176595
0.29588166952245109620
-0.09948340523364006260
-0.04437974423994415357
0.35734327776573387991
0.02522131225086707978
0.40316909787942695198
0.03192225120907545011
0.01783724386849715529
-0.00911431973514423635
0.05240409654403859613
-0.05023516856759721594
0.38931084214086519868
-0.25567734360654864600
-0.15355965177865332771
0.00841807940575988595
-0.00132264674627158600
-0.12315449856870604173
-0.19177265204199578363
-0.24599309894125165332
0.08406116640428748510
0.35903377612111531114
-0.15851630067477248676
0.03344728764272120181
0.26271102252339567640
0.01627802262489060764
0.19035583924468924000
0.15628347876911047321
0.00403126312531171694
-0.18304942823118447448
-0.02241004340345332732
-0.04778393564355097600
-0.20658643697319475918
-0.20444954038155876974
-0.26351785555186546528
-0.01352234688235527324
0.03993622685364983660
-0.22091379997790436263
-0.11098239332112853905
-0.03754897672833782535
0.20470235197344649469
-0.14402643778284060505
0.00534635463872702374
0.10347984139548954685
0.27916371515546517523
0.20446888246364749997
-0.22200236289707950266
-0.02031714497246182513
0.19017590155936936469
-0.32914131948293884333
0.24504905917454386510
-0.14966715614175374327
-0.09086366608062898531
-0.19548080086750005413
-0.38514581352941146264
-0.13894328239114844825
0.05078256114017327960
-0.28830285210528366902
0.01493579302906691483
-0.00017933742479986811
0.03439306282335177073
-0.21163924191488581172
0.13832372205096174489
0.26098073736181121030
0.33947846432394529481
0.08639555544722897495
0.11933166362349420520
0.00743642154307839510
0.03111026797164808191
-0.20999459057405400753
-0.13760530742934196091
-0.11594491060454020781
0.04737307459225587047
-0.21763219905765884832
-0.28997918076488904404
-0.17108720163386140212
0.09034266717371859656
-0.22363046388023705147
0.05166508894778559097
0.04763599931516863950
-0.06769481028343560247
0.11518366796841823796
0.00867026324694665507
0.09206823639089231626
0.37538533675215624008
-0.02304482056403721335
0.01408280438695796478
0.11999007590715217442
-0.02376931382128297590
0.03569102015769910763
0.13617908705216610898
-0.01156552711046628969
0.15475096702374191437
-0.15884238370868625223
-0.30326673334429449236
-0.12380618988404476499
-0.06448828454877834904
-0.26345290885869010467
-0.04166507600847984411
-0.15644925738311096786
-0.00873590134904725715
-0.05731432710792090657
-0.13946597598204971136
0.06043654543092938369
0.11998112753738061909
0.07354637832306740175
-0.01464215311051443418
0.21594044095213651979
0.29060198076361415387
0.05509077632031771088
0.02619985314784781597
0.10192468368564164272
-0.02949383816992892995
-0.15236848750372403161
0.19084961265981256751
0.04019981150983190782
-0.12043485884756074955
-0.13451031762375373346
0.08189945142639187825
0.02484763579676038669
-0.19982068021978000028
-0.01094158397155746594
0.03906324394805494454
-0.03535194375189781163
0.19271564174021257876
-0.07930862933497327683
0.03507228124126735014
0.13471223451393268822
0.16341984816872295871
0.07493562045766749558
0.03612368362553385059
0.23464881144681604130
0.04108013758646173602
-0.01069547527673862450
0.26193844481734029905
0.03923532742834246606
0.04855650848440810213
-0.06362776793983612733
0.14588284768252174350
0.09684208287500023493
-0.13475004701948226082
-0.14729779747083035502
-0.07582654156647131161
-0.11775520799427928453
-0.04976311043615714441
-0.04450246354934172394
-0.02375847373139866950
-0.07128666682623026329
0.11805677204273890002
0.00595806823561740966
-0.08584214853203558926
0.29135111407498925917
-0.04690230032163988233
-0.13826486919370534201
0.15441470984504779285
-0.07750829862568263395
-0.06206084616447606062
-0.13776069968640036745
0.13380328180013495443
0.17287491974463892186
-0.02101994616507926045
-0.09615421346901191491
-0.15428762897719630609
0.01638413016001669456
-0.02993594262139239598
0.05709568093289860841
-0.07983262203661357914
-0.22983712604197925611
0.13253211926066038595
0.00463341053579698070
-0.09488498371832256029
0.25651252048049560939
-0.08664633673558187754
-0.11048319465997405442
0.16645327790483119279
0.05004829436875865567
-0.03504064019329308083
-0.01146142741004339653
0.15096258715608018575
0.00613922610623858240
-0.15135215655883968444
-0.11776410520444696717
0.03842604140407242935
0.17880810370637098550
0.00132312835098798176
0.12667465158508289802
-0.03251740500106242021
-0.09333812429729841653
-0.04573789043611378724
-0.03558997542922678198
-0.10422425552458552955
0.13621981400052263211
-0.18869100459542789694
-0.12573034538512975478
0.15671777600909853057
-0.08306992496395412817
0.02963139891624325464
0.13598076861409449934
0.10009917437755176672
0.07233163686388241476
-0.01159765383039058906
-0.02721379090777427401
0.02457367916429575860
0.05341900009832203922
-0.02668744394451260868
0.16160935458634853590
0.09854083850364786512
0.00131479262170020646
-0.00368998840884342955
-0.12381742265270638537
-0.03169994269853421837
0.14307324979803306975
-0.07098965297157441845
-0.01079991374829247439
0.16183350717467245850
0.01146817707270263685
-0.12575955124412696584
-0.18495444978046426954
-0.12260874923568285122
0.12102789032055519258
-0.03563434670103755864
-0.02943722314093600440
0.04364329078036907617
-0.10662151740968919822
-0.00591103592955772965
0.06883144238015619087
-0.06071215523603877562
-0.05730460843590574199
0.12764189641024478727
-0.05973494119169575622
-0.10464155414268358490
0.09130113001582940147
-0.02946094463061163862
-0.06580672881558774501
0.03635862984027760786
-0.13001220225935530839
-0.13346401578403510602
0.03898382934232788588
-0.19011245265243456593
0.08563075007969062069
0.00650857409616002660
-0.13481992424218730564
0.03041217948441831201
0.01490935213555926418
-0.00323989264821698732
0.03318541478953000029
-0.07386425416495394358
-0.02508660590517233432
0.20950258563465110062
0.05041185573583102653
-0.00419187923962847236
0.19217993998318153026
-0.07546817441973914520
-0.10355686301223568369
0.14675160187319880034
-0.10068803427000519446
-0.10005686300963800850
0.05524121809566231306
0.25813163749102224775
-0.10186471283179035496
-0.08091116974739841206
-0.04484991840204462926
0.05359191072382549215
0.03346682446478500828
-0.06305155051627710228
0.10853724708141260225
0.03089757711125791506
-0.04242392763239077186
0.19325210451812502299
0.09065979740966094436
-0.23614692185145833014
0.00801172156269891987
-0.10522159084937982021
-0.09118213180830972431
0.12734588390108544931
-0.14243669784332657624
0.06998702646036454589
-0.02526989794186423888
0.12458079633464702596
0.10234983480675220735
0.04791901639990700512
-0.02521870284953687397
0.03123005263295417638
-0.07868991557090808386
-0.16816852416413149984
0.08586808867952454294
0.13655236029582115687
-0.07123080498860451248
-0.08439137936829833875
-0.06817262851343215690
-0.21195720311114657486
-0.03558156552458308086
0.05083243225852097924
-0.10000400454559631169
0.10161095023786352598
0.12389923752993024786
-0.08790926765385458086
-0.12883589219164159889
-0.08525490868568109948
-0.00129687079824225473
0.07833502926832207336
-0.01307267236333162219
0.27758540326310510160
-0.07732538136201037859
-0.08938227593253759984
0.06206387143642617260
0.11530940348554294395
-0.07485744229279296669
-0.11891981133676828020
-0.03405751663834091086
-0.11358445620917045904
-0.01059104220723453178
-0.03280888488998909974
0.04097755972798743096
-0.06131299087055632618
-0.07938627274458399941
-0.08598799441788623765
-0.10110427345343024619
-0.01462073484068808667
-0.04767696328714709358
0.10917350483247433013
-0.16459720856392609512
0.05101069389585445590
-0.00434101361930128334
-0.12437309902376404713
-0.09413622642294375287
0.01914308082284039980
-0.11401920766507291083
-0.00889341256248657799
0.26751325538611825383
0.04073320349028741044
0.01544425072083053033
-0.03478114754291128374
-0.02031208940696044296
0.11542272147288160089
-0.05494305838398139130
-0.10940972188986933245
0.01119656172308172021
0.17158190364876468870
0.06028360731353287622
0.00335721601903541961
-0.00901862431400395244
-0.00662204153634178300
0.11588940088628241210
-0.18470544232364330406
-0.01434826039749146145
-0.04613525782240037593
-0.09871144321784118547
0.05496457141796521478
0.21088953245732880437
-0.03668799940253822389
0.06053207624563780587
0.03538899298232585366
0.15141178051582424025
0.18772310203110612048
-0.16577382332488746486
0.09139211862637078299
0.05584338524449234537
0.11010029962684250715
0.19007593234112327152
-0.14339603826854557811
0.16948578784537213227
0.07462360638876827656
0.00713406997596498574
-0.15669588351596749898
0.10983350197118577074
0.07966891875542335411
-0.05499507155630544569
-0.06868254824806470371
0.16166310426876309703
-0.12879847297707661125
-0.05808256284899507293
-0.03470198616075274162
0.14291919255423921054
0.05822814242708600901
0.14322322404220691472
-0.01332035909284549555
-0.01397406458471226430
-0.15609398677506805542
0.06691819496638021225
0.17355224387532000585
0.15369417737882262731
0.10855965808140231876
-0.05266995044663536074
-0.14006356431814026564
-0.01941855778473996694
0.08674151652887344965
-0.09084574346656189292
-0.17023337720014872221
0.16064174270004949463
0.01853383871779585787
-0.04445826203139055521
-0.10474880986498275037
0.24737947512003619077
-0.05794118724727002206
-0.00248398857472694476
0.02891495963075069522
0.07995870960743650668
-0.06075856322103870277
0.15898122907465078724
0.31367233755083662183
-0.01301963546824366075
0.07205890332110492791
-0.01530438641311322387
-0.05399850314794470835
0.01025437050622832365
0.09434182384202480232
-0.15028247033970179580
-0.17984528935686194817
0.06611536031800283042
-0.01995139954759102274
-0.01828350767327250118
0.00434386141140590768
0.31944223740724980720
0.17970724479739030865
-0.10711328764902419697
0.05871187415900859519
0.05005753308554920095
-0.04735371740134233787
0.16970120123149073921
0.14926762488858655309
0.15647952193515657360
-0.12118338457243744977
-0.10129625889003746053
-0.17872809161429031866
0.13911197850559092748
0.00828360040287069548
-0.10689801741542223623
-0.40325163526312507445
0.07240258683119527028
0.02806644572361410503
-0.18556322369915376203
-0.18985748029292415229
-0.08519696669398367506
0.03042251554722855827
-0.06261084680912148981
-0.03469669246067518670
-0.11298076643964374832
-0.03288988185277589432
-0.10225164228775748820
0.06873826418357191492
0.13661880237025789131
-0.18068668357554709680
0.02786273337176774570
-0.03937270144188817489
0.10265512630628152724
-0.04390915898045400639
0.19827909163251261626
0.03549714841932825882
0.07806465287360421501
0.12834793743232303376
-0.09792022955984935884
-0.13130613115381786771
-0.07560125683425540644
-0.06549928064413734763
0.02126924415590830675
0.00684173622151395058
-0.04074700598652334499
0.09733216570012957758
-0.03818514509420384978
0.11224064783580159355
0.04620947067018046917
0.05290212159129444036
0.13414764148896848872
-0.08111555715227200536
0.09249835433866890333
-0.04686680938104605121
0.16499220075526055407
0.04163262479997532906
0.06140804913557117856
0.18127083045093761449
-0.03425801573727583343
-0.07941393525319610791
0.00492437581773095753
-0.04191164835408310585
-0.08775419299370515458
-0.19007024535795807862
-0.03233494516727798002
-0.02553765835293891201
-0.14651331659103927763
-0.11450998183625797633
0.10921418766478864504
0.05906004987801373451
0.05075355556493606896
0.06001199428231997202
0.07529395949186491743
0.04384158606539601682
0.20694033826383176344
-0.01135505388052397181
-0.04381853150584135576
0.33180723052525762373
-0.04293670788987217352
-0.08947173955191366213
0.01816535689955341148
0.00334103441124765843
-0.08878147754114162904
-0.04085760231756939420
0.01185261966808646115
-0.06903709052321281570
-0.09634176631985338912
-0.11642806488995971481
-0.03009935699568342532
-0.11076757440410768540
-0.00757618041097612299
0.10040968659153183540
0.15377890514345063377
-0.01196899551249597585
0.06827340851712025704
-0.10755102047826525791
-0.04111244373943197250
-0.03922701576605024804
-0.12931020624714006928
-0.11424538249159391090
0.00515207373007897044
-0.03495625765901879539
0.01036913893670842780
0.00463105309879131757
0.07175878055952472634
0.00330350122788130229
0.08909831702301167222
0.04193870656178411149
0.12408497459092113213
0.06795489901132258093
-0.13710232144794501363
-0.11636917555069034580
0.04664621112025828242
-0.16319134652048991607
0.13355954395134680968
0.07803981605498296059
0.06018404278313630590
-0.05955884620237718308
-0.00047062529324058336
-0.03204651980442861647
0.10234401694137860994
-0.00791222012743033297
-0.07063208465762126076
-0.11720879173780478222
0.14950917984345063472
-0.03435497210062983531
0.18901642728019160677
-0.06694447715732175508
0.13079309915767314831
0.01317966819190595495
-0.13323615672477537308
0.00483348846010316687
0.02379603993313840135
-0.11255863744481656163
0.07432972601597373496
0.11567518294471879070
0.00189493906139755284
-0.08669946482743438876
-0.02955398777708543798
-0.10364834084590121566
0.13376085291286518575
0.07516252116938144934
-0.00282947501480642315
-0.21436238147061451031
0.17067398154646637454
-0.01129084611648337004
0.05778985358412926099
-0.01019141977051826395
-0.05230593854118548852
0.00141185932106442928
-0.00836415976217660256
0.01194289627060973226
-0.05446089192563630804
-0.11620272363760140999
0.01432338431370000671
0.01921278297155215586
-0.04576763957419936746
0.01568712096806346851
-0.04175930841260652032
-0.06753202242836779667
0.03036441925086252880
0.02040435759020567744
0.13490643777246344448
-0.10904052716956898206
0.09702232691740508841
0.08118151949184222727
0.01325582489579404596
-0.00409208301441147185
-0.03452319845101375212
-0.01621003058582709197
-0.01330770322746475422
-0.00916840788187671743
0.04967293729644119832
-0.03434021855690057995
0.01694039146657974962
-0.09402434862919795133
-0.10066997366468914687
-0.11891010253612316339
0.05910319273895185688
-0.04422682773084752467
0.05614699845482887253
0.01982649508040141423
-0.07511642015280016460
-0.05812231104492361633
0.05949938214601414171
0.00047904549169757853
0.03750538073548769641
0.06629130904711175165
0.05553567342308059207
-0.05068609615030561510
-0.14678050704244241520
-0.03835576525366550527
-0.00183761340899672113
-0.04981937345553890534
0.16617824022416094465
0.07165803069381372625
0.06549528115326398725
0.00812511322205125563
-0.01229974772309430642
-0.01272486420703732198
-0.02330034382913791571
0.01954828808302406379
-0.13258005750665355360
-0.00486078178050998889
0.22612630522148025047
0.12764936495439310749
0.11279830468674433008
-0.08699295076997751175
-0.08751839567412059151
-0.07137283479853244461
-0.20400802418672475680
0.02380606384136486550
-0.09583248090324643365
-0.07380142461357430683
0.03973358158602326162
0.07241250244386962520
-0.05253943969119818924
-0.05485354824354403414
0.01132986589351570039
-0.11268588884225697044
0.02898132830210535180
0.16401549283934918622
-0.03767636734131404180
-0.16675988869897051536
0.23779538278905254511
0.04174114224082685343
0.06894206863593944912
-0.02123977465901010289
0.01901202848048721972
0.02098269392595493443
-0.13395877762675498235
0.01762738213433951220
0.03025974324086254039
-0.19222339563291634956
-0.10409959009930089269
0.03436805970702710988
-0.10288064884312475566
0.02551299028693601589
-0.02228709551911166667
-0.17837995554416061217
0.06190404364300543250
0.07077414222432619473
-0.05776772609623551102
-0.03126301458862383587
0.01485883353441926590
-0.00776691210700163753
0.12623166034578434114
0.03674971827513957151
-0.05038727474121504346
-0.01821893619229553174
0.03720106760877160690
-0.06010912291141454200
0.03485221186479837280
-0.09748728251927733790
-0.03765509831657322393
0.04115431755456142732
0.03063404164232154045
-0.00712203724300306071
-0.05048840968180107192
-0.05317093719582532269
0.02044137805196777347
0.03682436754044123017
-0.03025007061785640883
-0.03300909103273770573
0.14159557194191882412
-0.02434982801108784636
-0.08917328031244678432
-0.07514131348018004974
0.02434061615682342472
0.02986878723642489783
-0.13085605446413359210
0.00693131449243402156
0.01157117515692624755
0.03060095752253302187
0.07768038953499996346
-0.06745466964910404317
0.05247128496938519709
-0.00905958904040670560
-0.00030917077306960919
-0.01310441250248148629
-0.03211521964452691835
-0.01974300358913222073
0.00633914331728111218
0.00601518950891620843
0.23321042091770063931
0.08598286789033766919
-0.08457548669906379823
-0.11843617911180802371
-0.00104360484991645346
-0.03534437646094128194
-0.09803517188128849091
-0.02404976351522339351
-0.03688059960641917878
0.02733561228315668085
-0.02676009907048930089
-0.03007977669066658200
0.03426963680548646835
0.11124569611194956575
0.07044698125568868430
-0.05422669988790695950
-0.10146114006217757386
-0.04495479230577287960
0.02721566181968310821
0.02561441598734552627
0.23302615428846434886
-0.10613788886039407511
-0.03681671429067766288
-0.10086374143942947179
0.07787022220962180885
0.18366746833800468020
-0.14098429883951360542
-0.02226722666547696280
0.07663238547428405378
-0.02103654509003494502
-0.10440898612001012213
0.08462757877388783767
0.04038375887102869932
-0.03315232088168530711
-0.05046759430413783054
-0.07409912243178290447
0.00960304241709069445
-0.03580409552395876632
0.00745605160835552307
-0.07471887690331334431
-0.02916852952122618234
-0.13834690180955436234
0.06663198740132796061
-0.11249194345899894698
0.06465467815879383240
0.08685613691691081162
-0.11026714813970744933
-0.08651456135539332959
0.14861947946102674334
0.06510492560076390489
-0.01140016953511055475
-0.13791716901341080637
-0.06221020904621170355
-0.17412014619234372770
-0.09802157190407030651
-0.08442212118136682708
-0.12593988742204306752
-0.12494629158339264074
-0.02927294359236482651
-0.00530512124551963445
0.23228148107808110900
-0.09589012415855129035
0.10766229402914911928
-0.03228967187302790587
0.01019356631119720628
-0.01820999976342856444
0.18253882296244780536
0.01814432177213346278
-0.05652714408328503998
0.02530748273585477909
0.01440145965014376535
-0.07585719804947071987
-0.18299366934788433015
0.05765970129130022770
-0.18864470264603469540
-0.05252822207838634544
0.02412292664159255626
-0.19852156126332712316
0.18039897171944552223
-0.18624167492723869843
0.39091064762645666431
0.14672325734651717188
0.08038657358763358352
0.13845176958841889925
-0.10138568663758996957
0.09473554662624519840
0.08982950480340698429
0.02626988409909430944
-0.14236267233899796425
0.06999066604860987306
0.00121882764965545141
-0.11900246075658117706
-0.07758828980730930747
0.04018288242669943583
-0.07929842666486952574
0.14398149697643275458
0.01208482937113749579
-0.09167959645815632053
0.12949895602781774651
-0.16534343879106588870
0.32459093789441478828
0.09549112938609377599
0.01144172435826692341
-0.16556085151952870671
-0.06174962202381992921
0.05011293545084447021
0.11281115836085160720
0.09967304027804479993
-0.09026251596090156815
0.01685752170596565083
-0.25293409558074131382
-0.01086675747579019143
-0.08408951664018714245
0.07864742916976981413
-0.07257952770158805633
0.06319099754459807372
0.13030047656653961918
0.01033462263500544570
0.02849371156127679383
-0.17646426195183873009
0.11560963832005430318
-0.01385468211392461638
0.07776250723963205880
-0.12520530668811052921
0.07050150971340769790
-0.15071254558008601032
0.13189955256295571306
0.04768323775197527703
-0.26421275634333468707
0.01831679919715619581
0.11918335024640420994
0.04440987847533044153
0.08979465790429275174
0.05491825765365195011
0.06059486982626777207
-0.04698447710285485329
0.15678056493036848784
-0.03140434277533195317
-0.00678293436519520222
0.06585715196944996741
0.03869689376804439501
-0.01054977476128141772
0.13778754632324888285
0.02667947904132249998
-0.04012213719336220341
0.02682137523163611106
-0.13977574246937471414
0.00390830143238048676
-0.07357862760472194674
0.09393002044895192026
-0.03316477284315293844
-0.01093547457788446135
0.04695968662460093396
-0.01600072796826817328
0.18791371969923606478
-0.08016114502237389750
0.25350994663629916603
-0.01120384084633881290
0.01199953492136923358
-0.12708584791157764848
-0.05834136746525078049
-0.06040620193299096885
0.09998139198597849608
-0.03606199951264180137
0.02283231707917432116
-0.00082466155968140861
0.02633388481180603397
-0.06038131516990882103
-0.09338130396632397801
0.00968816775159553334
-0.14345537728779428344
0.01786711256000310735
-0.14505542639853857834
0.08932579965557781165
0.18475768945824289080
-0.08163319297487839354
0.28739554561849278702
-0.04905262297163268115
0.10913234739758845282
-0.11537453745768988522
0.01437260424910073893
-0.07714386595038623395
-0.00014540289116036348
0.00837235018722896213
-0.16011769102742484661
-0.09068475673903471368
-0.03553853014824675388
-0.05823885234089513918
-0.13392658594391723681
-0.09682790378808849019
-0.16400854593278446636
0.00342139242796594576
-0.01161314397345014626
0.16887257587438905815
0.24261277024792543555
-0.11607479589036656664
0.03558881700741764464
0.03913460983772987234
0.09057921524857358297
-0.17265401713524819449
0.10525294568288284802
-0.08194166489751650295
0.15304857538079238988
0.03673328929017721789
-0.07823201047866998326
-0.10641685154074025099
-0.13401508075339638171
-0.02900835138735320326
-0.10733188788726594209
-0.07886924373024688240
-0.09967976813729419183
0.08020211284655046069
0.27767200512376166710
-0.09702135589978061470
0.06543676996946472257
-0.09916594036126137601
0.12321601942355835113
-0.05854929538688376928
-0.08561786671926922831
0.07076233139778424774
-0.04179153215374378089
0.06764912993908911432
-0.02613270277324321669
-0.00549668952421472536
-0.00717186527350283792
-0.13002579669947023078
-0.20975586020552453026
-0.18999605424242307916
-0.10645385351386954520
0.02488763144932924776
-0.02838011252462717057
0.08841886471349202914
-0.04432901822617708182
-0.00519209052581138045
0.30453121937547616982
-0.00811732751137986784
0.01868893493595728469
0.12208435476176773826
0.20096754971124775047
-0.10899098873702775525
-0.12143548742591750433
-0.08150780023245658701
-0.01997169512491267160
0.05696157567443138614
-0.06310244451940556776
0.02420589863685409723
-0.14730270762592148626
-0.22236240966505077532
-0.09929467049687909497
-0.08744158098149008851
-0.18987088800797788379
-0.05215642505037602905
-0.00215258529545345233
0.04911396846156506485
0.34433356352226218711
-0.16139303082491540664
0.26670735908542558823
0.10968357660830890810
0.13164825330930718383
-0.08868919104091979588
-0.08373916127379700536
-0.08999702813131880974
0.01933992805683087610
0.06940246986186872358
-0.19479562347701159797
-0.00612354637500325729
-0.08917260588278931588
-0.17188506242734252760
-0.14186272018873286038
-0.17495494094343774782
-0.18651783724041698376
0.00623529655133735986
-0.06110108820375164534
0.02051179459187066692
0.18645636852950631113
-0.08842875902761498930
0.08126315769607816986
0.18505769718282488734
0.12650896152599019895
-0.15313348107878538285
-0.02870944458719953268
0.00377207295389910555
0.16566298365518114521
-0.06065932447536755145
-0.11058806107112058303
-0.02971683972380443489
-0.18571363630367082598
-0.08079321420595288183
0.02803533218429569290
-0.09861298025363331166
-0.21393607837573042074
-0.06451875149084160266
0.06490590320461075979
-0.02918571500896627313
0.07676576434144280481
-0.07622254730396936517
0.24229682562413962232
0.14899010387954025880
-0.00599617526039259233
0.04519224182600151823
0.04817948980133200665
0.02842570102248084818
0.14145839785526462262
-0.18900318362087101254
0.05591021286189797740
-0.01626173484011602874
-0.00527981928790274054
-0.12437787988346543644
-0.10077364142617689646
0.05650094344942387797
0.04815040333137333289
0.02592003484538473596
0.08554380004339032229
-0.07057112526953202014
0.16158418965121598698
-0.03783791993672667303
-0.06405023679073956755
0.35040510098288196739
0.13633278946475466120
-0.06923163661220267662
0.11635934290083174703
0.02831697015360228054
0.07448765715628007100
-0.02717829692997591681
0.06635510097126864903
-0.05031292353278215418
-0.05039868222969884348
-0.17788007994683741053
-0.08124549764747032721
-0.03546197799359045860
-0.08058818096647851759
0.07534662447882452263
-0.04329630805638640112
-0.12212619455741999253
0.37117131915042872459
-0.03334707135496790820
0.00885238621605180000
0.40551098209613528622
0.10485442265473944590
-0.05702056197231888945
0.13589447630364492881
0.16312361541134434706
0.06973990519287512346
0.10072084553632144888
-0.21822609121578689928
0.00778180425693782412
-0.10726633094143310510
-0.21502859653975536780
-0.10681042946916360914
-0.04422322803403425096
-0.04474031979946860998
0.15905265105905405654
0.00668984395106705584
0.04104095236868467861
0.16373454677103302379
-0.11800085711831069524
0.12483104008626046133
0.29595057858601087064
0.20253867891463694928
0.03432819517802452453
0.06530190700638133228
0.04693296611279651476
0.11891189704392864102
-0.05816982686003931841
0.03775428602381870891
-0.04222205184753594076
-0.22403820697536641626
-0.18348176466548068997
-0.02395495477135874129
-0.01236525566688695399
-0.04674068601064686190
0.08678034542417960295
-0.13981632426203782771
-0.02350733672115989589
-0.02330708920797233685
-0.08675722377372288574
-0.11828143082859264579
0.24363940664735295183
0.00450430853872129614
-0.01492592755291845784
-0.08665430143169422506
-0.07238545978921299973
0.00591691514951597081
0.04643670444787578039
0.02922792031658686535
0.00438411768324627627
0.03787449245240363110
-0.10149670825263751306
0.00482923505165536518
-0.04533765663059051432
0.07499937013272246766
0.26015105807750771305
0.06307622993252325061
0.15849824536513443252
0.11551071376288053749
-0.10192634806543519888
0.00355596140718142384
0.08090944110908832032
0.01700025911014708263
-0.16766301952220405425
-0.07475719854297718792
-0.03017658161348975993
-0.21554369578140167296
0.10623927032631219625
0.10864695891843831332
-0.14307708226113724503
-0.01181151968538064582
0.14423070117914835175
-0.02751976518600719734
-0.09350395209647534289
0.08702533692049914393
0.21551527650990764950
0.16651352936980315378
0.15087391001924718714
0.16184046823387510106
-0.10475674709242881188
0.01743955854714597173
-0.01431562360831052649
0.04609555371431704046
-0.17809157118740404080
-0.02539444468527875601
-0.14893159033533961977
-0.12149037591232426936
0.03459624538707439106
0.08978456330955945919
-0.03250232726830503543
0.00358376570664917325
-0.00042623147424729666
-0.01701709452515438870
-0.10781775844580859802
0.13756002944642378716
0.16690485272004948469
0.06657098793258663105
0.17837111031513319670
0.22007226476653587999
-0.09371359506023640984
-0.07080408376019385608
-0.03283092626222770122
0.01340017537447153913
0.03335592693775701195
0.07148105184149014524
-0.12303396660411808350
-0.05170610502331149383
0.06031404707139691873
-0.00421927960628756642
-0.08575842970773341067
0.09178983868446487226
0.00640768638508807872
0.11904350287467098390
-0.01766496639056832144
0.03830104181205157277
-0.04494335072037577983
-0.07121401216476069829
-0.06558541765373510080
-0.10848677590461365539
-0.05800616752499918038
-0.04068240231870461077
-0.05251931225439037537
0.00242861242849816460
0.13428496667756686933
-0.10686187507623089166
-0.00350649549030250746
0.06579453885781096079
0.01677756695413628804
0.09035146776600372354
0.15337849281808402235
-0.12860001996029923887
0.00947472603105851095
0.03252016880773368757
-0.09374476163119080385
0.12584272275115995776
0.16684900919385275975
-0.06138773543544927269
0.00155822214176153367
0.02933610750104885534
-0.03244774927226491690
0.05992159159619474956
-0.06310279090539645808
-0.04493573810227869531
-0.14983063413427583077
-0.02020396501804764752
-0.10795581845343410476
-0.02034890924045595906
-0.09168764031904287626
-0.02463249102716954034
0.00015877151376943576
-0.16964168858960126940
0.01749484783987664133
0.00195280262866350234
-0.19015392449146095721
0.39295879585352300190
0.16768324710139251299
-0.09435333305694962314
-0.01621743049711830281
0.08886883092229150294
-0.06676458761238325545
-0.00580168674475391513
-0.00465122557121607286
-0.11086529231217846780
-0.15571849419486291644
0.20314015444747562933
-0.10348791073646330940
-0.07807822200939887325
-0.00997035005789030475
-0.16521198044756521539
0.02302187752924656286
-0.04658525057519539991
-0.11500705248994889940
0.02797696577414843927
-0.07492267839353838887
0.35418029904100301053
0.10484798353187005371
-0.09020240057089405628
0.06412115815736614544
0.09466529608617210712
-0.06103272326836188533
-0.02652514885962909200
0.03296421122244245355
-0.08434784322124991296
0.01187643486560885191
0.01440066198915636482
0.00979975241723393155
0.01552196140749165405
0.06320321964063410625
-0.11052525182134075032
-0.05349297526262609265
-0.01219914011967565375
0.01535989566558265858
0.11258047729892915745
-0.09034617124415560141
0.27549618648270718380
-0.08453169928732909288
-0.09736129471636613408
0.01911080230913602199
-0.08590709040044539058
-0.10629549266403304220
-0.01357400034252024580
0.02430485334131029726
-0.07492221856335602725
0.11591454269024357993
0.08618734288810810107
0.05932571321138437742
-0.06067193813841561395
-0.09683542900480232585
0.02988315349712969068
0.14740680302352296427
-0.32730113025080764810
-0.17775681765962583758
-0.01196509768653840691
-0.11527687779813561297
0.11822094863961070399
0.10653143449662252906
0.00903973525441445318
0.06692217776530720585
-0.04270031676075913829
-0.19251280850178573156
0.07225081672343101891
-0.11763318018919524666
0.01895583923202942209
-0.00932517792625550852
0.15665618454693142070
0.16555213971746932100
-0.08150645230807156139
-0.06473020557880317105
-0.18406695967905656319
-0.00740437043645184294
-0.15434689298975340366
-0.08600546478442702703
-0.05504069086214077172
-0.06933847019912152410
0.22031051593770914487
0.16545417070734702580
-0.08024953890775093912
0.16933874759600525683
0.08790613035331799885
-0.16217929032767977593
0.01670499960457117947
0.01125401148767118595
0.10070122109862504611
-0.10850906756942660381
0.15522819223066511296
-0.02869053278254371508
-0.01735559289243960093
-0.04145055699404491534
-0.15182011884977400507
-0.02001932603272647826
-0.12965536776569341892
-0.07988097826749276931
0.03413142091625286090
-0.11931661510107668955
0.31565652519315967606
0.06451568903144709599
-0.26902915169986429955
0.01002435758374268376
0.03158686793458535119
-0.10340723001166533812
-0.03846392863963010028
0.11047358818230988697
-0.10243394816586520735
0.00532933571128738678
-0.01897997350587594598
0.02022609987695977302
0.21362653635992703838
-0.03243757962916073156
-0.11232199830198097423
-0.00887790843495344859
-0.10858790492826214669
0.03849344261735138800
-0.05775512747889419846
-0.01200781850616560592
0.19544774983681856284
-0.04830328254293146661
-0.09723783764400811824
0.03584143425456017690
-0.04243711535172420279
-0.01331346392782044308
-0.06538201901814318096
0.19445494615335870425
-0.03573695640291466719
-0.11651963241504476043
0.11336352642336765262
-0.06833604355215544546
-0.03459491598493848186
-0.04101075869227404497
-0.02159254149075326770
-0.06248178487328620578
-0.20400444627917133089
-0.07556374970777393618
-0.01148702022270338061
-0.05514873498849860722
-0.02004104674640721367
-0.08704838364913883297
0.27335920617179598757
-0.08753468418727745892
-0.06062785180018991082
-0.04437490849724592262
0.05595377315179651118
-0.05755666288855498108
0.02072219883696962278
-0.03295623864902640088
0.22877006902266144861
0.10265624308650103669
-0.11034968942842725281
-0.06584733367132838966
-0.01560318320555397625
-0.03604971294271141352
-0.15084012101715243981
-0.03338256530818815154
-0.10865700434869060564
0.00140890229858233362
-0.01174824733863602359
-0.02870863235900791843
0.11155537347404308191
-0.01554873134723843212
-0.00561038505068181970
-0.01121914716035669196
-0.08912148360315629014
-0.01601284744956684575
0.17138664548346052574
0.02677702084121415596
0.08905027026909292931
-0.04376671703757833987
0.07651208384962226994
-0.05317005163135450629
-0.02750547380613040452
0.00694938413031633874
-0.17934457207739892826
-0.06563894830429949090
0.05759871661964731382
0.03100026120690217712
0.06613108688320559758
0.05128043387051816476
-0.02981862871807904394
-0.03254599771258315233
0.01253124216176330734
-0.10032644022626119318
-0.02438361455969543373
0.00771022807257611738
0.03101753938999636181
-0.05098670113033734047
-0.01425712221141021106
0.03711819706321560497
0.15191443016716657533
-0.18590891185986863077
-0.12670261482016262344
0.22759230399271859757
-0.18777950671651788550
-0.14301280137030245032
0.04956125542567160758
0.14931915105970397506
0.02554634672117703231
-0.02717057263833638076
-0.06894892592870831283
-0.02904152848421066857
-0.06119837969361326818
0.00645440963090582707
-0.16200785799846081914
-0.04198118912511390050
-0.08101363180281768994
-0.18688579248113793008
0.07755600128813026906
0.36638839416022972451
0.11647426079517554653
-0.05340779252823028844
0.19679338033803348007
-0.08471151543017287067
0.05244827025527191988
0.10563936591530982689
-0.13098577667205166253
-0.13126332646025751227
-0.01354866814247873523
0.35434483371794744944
-0.20694794820483133901
-0.13184301385228583414
-0.11272316927666119202
0.08550108172289538899
-0.03337309389339881971
-0.04832063481382218445
0.05974190822951743612
0.02153105098807475346
-0.04947750462547768902
-0.13481233616073381998
0.04701420821229398278
-0.12654920322675924926
-0.12173139329754657789
-0.14945950173762576063
-0.08574782500392182094
0.04102228179386854107
-0.18638513761880792785
-0.31557962587145882427
-0.14323015566444508018
0.05501423215351987361
-0.03521608430762254022
-0.06080726748695227529
-0.03576087279672274938
0.05421203585154228677
-0.18662514597499932356
0.05306526237478097208
-0.00952596961740630362
0.07816282536098514977
-0.07204265962303808835
-0.18385467260686622071
0.00411500807766653626
0.28702452875373518637
-0.13317066079752679086
0.08425067730400241650
0.25937089802695745266
0.03575237405782907135
-0.17898813596897522604
-0.19054711350230799094
-0.06846005552781851689
-0.16481255736872940654
-0.08663359564245837197
-0.04757353172290060273
0.03543955783077586130
0.14362850341983074420
-0.12189700644709175470
0.06093586909747453900
-0.08282459871447790667
-0.12129131788163920180
0.01643412635573127112
0.16325500958763011772
-0.10473512610831448022
0.50137091853666593266
-0.25198380205517484365
0.03482531453484574713
0.19486945602228766816
-0.06617694317148457850
-0.03856566631619326446
-0.26131243216364474780
-0.07850024513711770235
-0.15770475861062802081
-0.11212693053831923606
0.08805100573124383101
-0.21006794434591458121
0.05219626327773308622
-0.15394764809793956561
0.09483684282240181784
0.05086771316992073910
-0.09294331049529891420
-0.01485692175489491257
-0.02841603238825572697
0.18201954802208150652
0.09488475397451294480
0.05401044926861705425
0.08948662066955875849
0.05830289625455264274
-0.02996870307891411414
-0.17653169465632692625
0.01723605066628109903
-0.02535010999010324853
0.14086346400360300057
-0.00457215392735851878
-0.05834989616216237213
-0.12498046770633067237
0.34507933419624553517
-0.06394242954059234374
-0.03008968198790086188
-0.08854248315172565109
0.03283147917747296363
-0.14121642460447172973
-0.04942710970396273912
0.23847661823834070960
-0.00351084140385327179
-0.08120802909529954705
0.02289213001508938819
-0.11668488790057185422
-0.25142560907210315113
-0.11480648822924144348
0.05443464879720363164
-0.06635160168459690311
0.04376815099614057153
0.09822694902047766907
0.18918404645339112480
-0.15436532201560090871
0.22961286847000886291
-0.17195379751238765165
0.12752005016158537987
-0.05321244795605865191
0.17778437315118475470
-0.08783378804172342624
0.07878952110143520871
-0.04374582295548261335
-0.05870377009131522855
-0.01390082378241072614
0.12729292373785380810
-0.03775370125122308462
-0.14442058293943688119
-0.10151537988594325213
0.07221818525230598584
-0.12048236026302257262
0.07344352557020661365
0.10879940241346303109
0.17988179866203216073
-0.06781757044551008085
0.12305183905080500917
-0.17222523417608415208
-0.08833582794033456587
-0.14749961529338809219
-0.11507665635863463527
-0.06565350900107193299
0.04715158831118059640
0.01821311653897218427
0.11864175175891605862
-0.03061039817237334176
0.03050267674935909848
0.00980453509475722428
-0.18984184187134681143
-0.22590939343009563967
-0.06206020601953927268
0.05223664964169021790
-0.13066056175160525865
-0.04087024314030069522
0.09066421034021583669
-0.04943593195094463794
-0.01024998459393683045
-0.24124329893800630642
-0.04552110590939136697
0.08006420839023287161
-0.12655695242076184237
-0.04612908606161536529
-0.14226968809878848266
0.25260459643241067740
0.18042753776216935435
0.04304540700690391575
-0.02799558762331812167
0.06961965949289566913
-0.11180152847542682015
-0.00141152343104801676
-0.02618532849552332800
-0.05322132196998906328
0.15720259124596833167
-0.01907015072919618706
0.04515258936972178089
0.05890924493796430989
0.14141044564045346377
0.00761663558296605571
-0.11812086627175874542
-0.06745732330681139532
-0.07385848335501034312
0.12397839204856424267
-0.16945954953131939225
0.38354757857017751643
0.27679138616662007921
-0.10228646303905825077
0.07582997532567642418
-0.03523424377352635251
-0.08417561616792693102
-0.05988728378222121090
-0.04252516200012584208
-0.12514014890136801461
-0.12188288399649815918
-0.09010427322165627528
0.11875546616244889164
-0.06881694520854238217
-0.11023970799595136927
-0.11152539828103294473
-0.00310786958166538391
-0.14607041746134177829
0.01386656141883048018
0.15480042989579639867
-0.12245985470107394188
0.24499677505548619894
-0.00096540610281877046
-0.12945311598731040759
-0.12194076668914910488
-0.07350098253649048341
-0.06339267374612382600
-0.12280217398333470591
-0.06199903866641878758
-0.12515123910665224005
-0.03256580228321669795
0.08923363177741990004
0.31746369631138288137
0.14443270620440368246
-0.12516200846174063699
-0.10315002642272104449
-0.09594469006659708810
-0.10880647402242976662
-0.19932242469061747792
0.09315451613914216278
-0.04842525115877779895
0.04297962703892628522
0.23365535504060061522
-0.14296189009697848893
-0.05471375839035807348
-0.06926129354818186257
-0.20566285877639881030
-0.04273005533950575280
-0.05323421653415078697
-0.13308146051600611148
-0.02176319762539684344
0.20145943877392571975
0.05613111552579807401
-0.02593230184692305387
-0.13365189673703475881
0.09752701055686800735
0.20872156673166944452
0.08045276243108830105
-0.12587576421930141146
0.09791774669174477252
0.12793376804920489342
0.14766211869072504159
0.05290162929617944071
-0.27636337476909789146
-0.03337209337554145755
-0.07140965681366702456
-0.05483263928796760361
-0.02859148612547810636
0.02208974740032757997
0.02857306107485859184
-0.02673058166700546801
0.04987381203979422695
0.14020394939455824157
-0.12150706952314344056
-0.13793476360820539073
0.07897112981354362238
0.00413218348895795767
-0.08962305271869289158
-0.04421980574240214068
-0.01286353462177446463
-0.10649741909982013421
0.04481179751616416740
-0.04022633828038700565
-0.30046866370092562004
-0.01528821493428235076
0.02694985913007346551
-0.07856584469673609517
0.00602626923048181409
-0.00777176493754624768
-0.14596418974379218869
-0.09050655066145277261
-0.02037607519404874279
0.13833385724153191010
-0.10894699553446798856
-0.12191410887109702110
-0.00009030787966862211
-0.09444241659605387418
-0.12452878474526662966
-0.04977691377863401045
0.13762126997920706706
0.05836115607054433163
0.20246294963022448687
-0.05706797213808489228
-0.17927616561666909201
-0.00964358988264397282
0.01259665187744510827
-0.10107007791989927603
-0.09802188882618019516
-0.02261353427418670917
-0.07534746906958593449
-0.01708854209565947163
0.13803387780525316897
0.13530209188647498997
0.13851101015566161245
-0.16771308835837889228
-0.03690505520046746812
-0.06970465389142789514
-0.11639104056540336418
0.03981014197906668911
0.14121449538711458582
0.13936149097150912768
0.22325520620858679832
-0.02053079137486703981
-0.11782990709447041522
-0.12251423717677666081
0.03041957604343477686
-0.09342752036325713272
0.06015444053747343728
-0.10845991049916413329
-0.02031041604194157996
0.14210829935134045021
0.24102657632109661390
-0.04811781400175645790
-0.10877846522213219238
0.02326414412623162634
0.12209924437223659832
-0.02707624376292444221
-0.07049329840936800762
0.20754735714345629027
0.07241463425605845772
-0.18719751073798068797
0.10247018080835615383
0.11887542527553031368
0.08097647430537725788
0.02328605249419186257
-0.14646662843391117237
-0.14174475029309607788
0.09020357677192299140
0.07949164955310862590
-0.13810229935118659150
0.14949081846854378464
-0.06246619960350066614
0.09228835339611399236
0.08055997110357235313
-0.01187123736234409720
-0.13049432335583638354
-0.00251608395683748567
-0.19269334823066744389
-0.02314600067267942596
-0.09150838292132429386
-0.15738763925768775587
0.00957723604882023891
0.10550059430402149163
-0.03384186222536252758
-0.21977798732130784942
-0.04892117513240522297
0.01265871405369156828
0.22771765803421889496
0.00368342205686819852
0.13813026338801595583
0.19509033149682822317
-0.01435576354994920999
-0.05057986497303776363
0.08514472111739740390
0.02770740572624798628
-0.02769504038825344044
0.03094014150426803444
-0.10423233818131148742
-0.07984906677935263430
-0.17621682634540583590
-0.00843865188375474660
-0.13568166064980571872
0.07326942876112230163
0.06176380931436636218
-0.06849172228736984114
0.04891913809193338541
-0.02853368768680408438
0.09518707597549795618
0.01029420371326705309
0.11932853098924718627
0.16242358454280128588
-0.07108874143820653746
-0.01316848870013913493
-0.13975710632883803219
0.14172661481157347585
-0.01778325220297935841
-0.26187604374262846152
0.10620114360330977499
0.00464737355054240919
-0.02409297474362379413
-0.10015893167442711797
0.09747992346139143505
-0.11517990479815050364
-0.11408826224513818337
0.01224800519916675358
0.19081695721790273290
-0.17034433177942767679
0.06580141247754886513
0.10108263393924112050
-0.07660022048219199131
0.08003123905352825529
0.20832831922434555394
0.22740272124182941971
0.10022756533473815843
0.02613892189911279362
0.00153586348938925541
-0.15666764954187001324
0.03177998696959540015
0.22826426119285903038
0.11835329351002230047
-0.00515297433418967273
0.05450454038782429761
-0.11128122048539552946
-0.07628167681305124403
-0.00147985681477286472
-0.12906929332847322245
0.21949975805099430914
0.13461474895545649799
-0.19692245153968040983
0.15146020033755056011
0.04561225969109408002
0.20074645849123934349
0.12955155715007654615
0.17024890203162851288
0.04209692456526215737
-0.15346007899883343240
-0.03832728886060151469
0.10122822219080124251
-0.16952186255361828549
0.17291713083397777795
-0.05080759510560829001
-0.20968053830613106459
0.22528212602035063705
-0.02558101093323518829
-0.11869080234099149695
-0.05413475213575306977
0.10445626700735489989
0.16556246953883238526
-0.14208514485032219810
-0.07190335812042329688
-0.09392593492609313532
0.01211511107869916656
0.05922652142767227679
0.07666921937142229249
0.03666762213838587608
-0.03529400508836356976
-0.21916702396618775728
0.20057288609312323713
-0.08101936544820498298
0.10984228085147640375
-0.04281108151280403618
-0.05237431604331592438
0.25422666011255179441
-0.14258672914726611136
0.00872346708699631157
0.13070124575865196825
-0.02747845031425767345
0.24151670685820514350
-0.07858479878126857499
-0.18599314636601477213
-0.06656371898390976705
-0.14068749107849209956
-0.04197506533925158406
0.07061342228824325773
-0.09247356898412283088
-0.03953247124880211044
0.07592550533847527983
0.13088597581653618751
0.03761939359543997607
0.07028278122251727100
-0.00559636201027500623
0.02938520460422004016
0.00215130890642616871
-0.03688500362331357391
-0.02010229413695810430
0.20174918263788499395
0.06464635049535207012
-0.16377254204340085941
-0.00354258327369499958
-0.13337345790460550243
-0.19492095607252274414
-0.17801079634581676303
0.12442315422079236464
-0.10656580906219388638
-0.12503423006681183005
-0.01065876523204663251
0.04747380248673051945
0.18367064452508716221
0.12281961793560514096
0.05068101203690506679
-0.04661410250775103320
-0.11536093728173639483
-0.21869769782741063646
0.16127135912240439519
-0.18862001810945103197
-0.26573570699716320132
-0.01925860742520023663
0.25076359184471502806
-0.06575067026340204734
0.08641362271133756767
0.12126631716897851021
0.10252042140931005854
0.01121791359885256426
0.00802768143281672696
-0.09000113681707343216
-0.13077894286468383367
-0.03197596212406911970
0.34139155491661515862
-0.06705881330081213398
0.10965036235646818952
-0.20007231463092975399
-0.14073747299699410074
-0.01920780087672464831
0.01126263504787907745
-0.24842095054053534020
-0.05026521928399872025
0.00075026221345530207
0.14154359260120186192
-0.05793875917480959675
-0.00608987974523137517
0.06963834179782855960
-0.01865595141922020417
0.07786831698942225932
-0.13037104970021085038
-0.03229508895030917121
0.03268131777656350934
0.02194978981053695086
0.49998911382335781139
0.04259876002726818711
0.05620404648881748011
-0.11554133949416835192
-0.21767146496135336697
0.07832082726191158528
-0.17210970276684467439
-0.05225725281764118796
-0.00435199587475354824
-0.00572122663164570475
0.02712641120737494665
-0.11020853628665913670
-0.12569902708727406782
-0.04707020637959809239
-0.11233822476578543548
-0.03153512894245464465
0.00222584155471889939
-0.11942587414000123414
0.05710669925618306469
0.17844176616600501695
0.23733257398473048272
0.03658686443880040245
0.06918900514487205666
0.04735049767251293951
-0.06606969234811060909
-0.13827429460429524477
-0.09787522879581696256
0.07056639686872556716
0.02192677024313381337
-0.08643779900712827979
-0.12206673402758626279
-0.00955823304332650489
-0.05906509254361552025
-0.26510362769577766606
-0.22366230676022721968
0.05136100919584468683
-0.18691138279525498778
0.09775729165701735335
0.04227210433351877295
0.14254241582930074483
0.06450734433022650705
-0.09765281640446067668
-0.05179536249155274746
-0.06491658281526961616
-0.20987314427946401896
-0.23808344708540005175
0.27183322432251044720
0.03450323109075116579
-0.24941897432788723288
-0.02225996561334835436
0.05042672551220914179
0.05362413234825195302
-0.11567712660340954967
0.06708876120021516065
-0.09436581897453588663
0.06127668335764466234
0.05148824187722574747
0.09244244700260750847
0.03191987089943135181
0.18456682329123910713
0.19777362798154712875
-0.03501629896187177099
0.00862703154059693729
-0.04541335947816651369
0.04637769641796388870
-0.07302185273851048708
0.33622160152307323244
-0.16440690785855313627
-0.10508629033086612503
-0.05612357029393672675
0.09103277060038071633
-0.00279033450500883358
0.08800848543592566797
0.00467715986535745601
-0.05391364527583184657
0.21630811963804574827
0.12770790042203100656
-0.02664915995161486195
0.09465047131715963180
0.20681763090455484999
0.18892161766545476076
-0.03963695487968732500
0.01785217207739954459
-0.17968412081061149732
-0.20837393981460933245
0.08263759021377158065
0.23808900932381857340
0.04191647848772839247
-0.07418807373408993489
-0.09697228042153349659
0.05127895306376090839
-0.16304160863076880283
-0.03509585830943180024
-0.05201051306674431968
0.01819684416290157439
-0.04979470076637235176
-0.02080139130387044510
-0.11256537063900085016
0.08958689334658472003
0.26817197040328394353
0.19218437912314928484
-0.05891731837934752886
0.15130523817942251319
-0.12168126462544925914
-0.06107390089444308945
0.06748088964309230386
0.07942346437708744378
-0.01524704704629636920
-0.10997953309829112956
-0.00265813865945896790
-0.06703270596458253683
-0.02096553448083414775
0.12560103135374459105
-0.11011203459312549069
-0.10257547855315506113
-0.21551628997883590100
0.11222419132831897015
0.22919468476889123809
0.14988849589990868583
-0.26855911373221652561
0.07188135322329773647
-0.10660169559195913080
0.03240126895940703688
0.09407202055966094878
0.10882178827862612480
0.10919011408856688083
-0.05672866396361298663
-0.11096904467681786843
-0.12071111147221047499
0.23858500366548826555
0.07432755442627449194
-0.02846274719201218745
-0.22838322761040771858
-0.15148661033350824257
-0.16843865526627627149
-0.11922159303692439480
-0.06327048388626731190
0.02813774129832233642
0.06586878542633785305
-0.06988750723392150865
0.00744561958716630223
0.15235318617569851285
0.10483305987691764194
0.09459034826508271043
0.08107918836876867874
-0.06482717328830414627
-0.05580067570494345180
0.10996223792632726923
-0.08180195393859052144
0.01486009859803684614
0.08154119330189754655
-0.10054921937124045028
0.00432158266886843029
-0.08116101242784151681
-0.06891465591288817305
-0.22971338884404682301
-0.13171334478007754032
0.05209996250251133082
0.06232311155763618771
-0.19422534696688023570
0.03676567668115133386
0.17056906337965657694
0.03630934809950193271
0.20876753288413299470
0.09873451678166586531
-0.13742569152295155965
-0.01595541893780802120
-0.14426552429667036104
-0.05889579115429436490
0.01588518737079857093
0.04011495104646084497
-0.12663250051303026611
-0.12029993943902210496
-0.01257922756306424118
-0.13244449462464982781
-0.25571497962705519447
-0.23513655633168886738
-0.02464654733922726562
0.07972800409480761130
-0.24947675004521221997
-0.02269749336760457439
0.05692200294719007569
-0.00705541517277755333
0.03483390890959893460
0.03318487058041649090
0.10954254709992559957
0.11647849831207716942
0.09655404595365331410
-0.10324404624838273703
0.04763807478950620594
-0.05457768907866836217
0.01988012401940260701
-0.02224535034571844400
0.08533450720836557868
0.11844848799911013304
-0.01405420427763600863
0.06116993691563481217
0.20906290561316831500
0.24869180608682278644
-0.06018429417839576967
0.06408940930313017370
-0.12631530798947607219
0.07729126716723307144
0.24390873600863727244
-0.08053398303307882089
-0.06983820301150193977
-0.10008326137628315022
-0.07033378843799518998
0.07751425181465775027
0.07841735550154400880
0.02969455058844737774
-0.11204223965303569677
-0.10373868200630141645
-0.22072074833405302963
-0.10896494002589791894
-0.04689039059089649547
-0.15032856721734508265
-0.08045770216348245574
-0.06367558739737645690
-0.11831586964416146435
0.03142836181524350653
0.33162000694834398162
0.03227701703733812377
0.09048480559317109706
-0.11972347941481416289
-0.19868708041028110278
0.00043792142436520928
0.04900283314231616838
0.24112851362250595222
-0.14360822586884239294
0.04619383615586300507
-0.01511101471865941917
-0.11222915443781308897
-0.15106480709802325157
0.04270862595318077742
0.03595872925045335428
-0.18065048809817083053
0.01633985908932909445
0.06255594764148539322
0.03410772881208187779
0.04629123161616605087
0.36790408412489755685
0.04726725343823622721
0.04515772402688224274
0.04160722887517138979
-0.14308570274812587586
-0.05630152358556216041
0.03451272559131892542
-0.05384534290105429805
-0.16711679087464875737
-0.09937176264399526227
-0.01755549720573518907
-0.03333777492459345099
-0.25346204539576588921
0.00315853239686854576
-0.11456521197457890382
-0.14791353410840840654
0.02967532566218772025
0.19495858039701402520
-0.07115739030685712396
-0.01990795413378288609
0.24208093711469269582
0.14265559781759956648
0.07615060711851037722
-0.13179264713778790497
-0.12948819235815969830
0.12925882648046965739
0.24268221967700512320
0.09093518341952609718
-0.00030275261654993577
0.03449206115111989185
-0.04843210982567860978
-0.05553629476856646735
0.05677489159054204676
-0.03408828276892311021
-0.20470635808772302822
0.01415535790126919505
-0.12435672073905892909
-0.00231223080683845865
-0.17183342542389901109
0.11638537550751533456
-0.08062422475252810361
0.13113474251031354001
0.02013214939280193530
-0.06882175004876026070
0.07838365024772883660
-0.09517839586260838647
0.20718371087274212172
0.23582603326676529476
-0.00593397018875676044
-0.14178659481139904708
0.00503031774233876107
-0.06973048033608263141
-0.03796405566904525325
0.13381134438956726607
-0.16363526726440208447
-0.04721068241407674199
0.09187991587343621869
0.05094661433711963200
0.05948090878311083213
-0.12388183288673894344
0.31246378607039226871
0.05487383722264339153
0.23899646746252597995
-0.12125834921330309879
-0.10920381127149679512
-0.08084015847196047988
0.12464628088465588840
0.20963854345890564623
-0.18815543863471689834
0.05606132490363401055
0.01608748636780099606
0.07605071049331348088
0.03224833518742503680
0.26069911157762404308
-0.00164795300676697214
-0.12444392030777613745
0.26349229099209253713
0.04724533655181969993
0.20949556356485718456
-0.18581662118572614406
0.41198043022745178821
0.05218982000298538759
0.24387511694219451974
-0.02889323331802157169
-0.11219752701533433625
-0.01714218273384435220
0.30166154031447839357
0.01495907523953874350
-0.08408372028887943495
0.19106911295254050409
0.01371877011400302569
0.04525445285851719540
0.00945572275761093900
0.01217712448288699872
-0.15644358408697314755
-0.16342325527644546712
0.33960047360873762967
0.33583443282742048153
-0.24058611021137646380
-0.03483460753244346786
0.27811972291601927409
-0.08936400744967225307
-0.04944720032961461009
-0.07649632084962587619
-0.00814040342912178416
0.05613748311603760505
0.02756348543012574273
0.01833506354825318804
-0.03682978172092168934
0.00959127364969598190
-0.01114823138335862586
0.06799858053529893309
0.20707469014400670115
0.03779053351314659581
0.06937655779122865740
0.02034910018907456694
-0.13002284647679870910
-0.23547900078453934403
-0.20079125871913686141
0.10304148109331554006
0.00037525675338425290
-0.13942147200226365222
-0.00804264059539861083
-0.15071097384014708886
-0.12272412740523752639
0.07227426988468775571
0.12895413240592765169
0.17977450316429666177
0.00313790019037180935
-0.09129499560911528977
-0.08386944052395366167
0.10697175102086693699
-0.15480644957369757431
0.10170129665345892245
-0.09902264715069336587
0.08400213823194893625
0.02530566802446476346
-0.15909850119918256262
-0.28034912971950509686
-0.21693943795753398152
0.00668279216929828015
-0.17769888240154596559
0.26191373429259579009
0.08913768960036450029
0.07685950861493556774
-0.05805197462075482179
0.10996229194453062405
0.09556266899502061096
-0.15513527846195981907
-0.08635066716467323933
-0.05338404618918008576
-0.07707248972171931722
0.05316525759450645844
0.19035260219297339690
0.00352687548717758783
-0.08093601720350766804
0.17948766381058242625
-0.04949202330180395293
0.05163953602873753296
-0.12346887917079947539
0.16207874386436205150
-0.04964670124563022591
0.32156089678143218169
-0.25967243043018534143
-0.08852734297610614922
0.05624719224463222561
0.10090406027200322925
0.10290308429549518965
-0.13119123076393160443
-0.02342456940479395802
0.13676590528742385566
0.05350004331696717880
-0.01875345226303116314
-0.01284874230883524711
-0.23549352848787091785
-0.08293812416851464864
0.32722318111330489510
-0.25479591317760580393
-0.43674488352939760949
-0.08270042434632232653
-0.01583476409300346374
-0.37321476334383923978
0.23838778905073867986
-0.15838508649447133325
-0.03923349241376418439
-0.12234766094937857273
0.02139462851639926597
-0.04164886175995103496
-0.15222257871271616114
-0.15317032996362672792
0.15733558729697968981
-0.03035207549430281315
-0.04355851896908965321
-0.00663362238222580617
0.05743235952112586001
0.09494483991957651525
-0.05180307115864226514
0.20043653369585975876
0.02677688149434280518
-0.07212120343950845225
-0.05305269142977146052
-0.00582582446500109694
0.01202166307718600599
0.08247056352913322008
-0.08245473380210421865
-0.11482338275586670417
0.01693666894888454233
-0.23160503206303373336
-0.14153726810812586323
0.11003089640973391650
-0.04535977199886628841
0.02853973928437376906
-0.20838347549942631831
0.24387206954758491873
-0.02317514583040799353
0.02206357956440680584
0.02891744650417934701
0.12106386817149658586
-0.05633104652996662187
-0.03199264930579378413
0.12522815541680107354
-0.19574191328070050799
-0.12191305067818372643
-0.00052803409426750887
0.00399788845712167624
-0.09249566102903418463
0.22599175411591310159
-0.10720211133874645026
-0.01719451191245686267
-0.01554261436587457863
0.07712127203560929789
-0.01955249723927349192
-0.03007030270952752715
0.15817428660360327575
-0.07588850925772229472
0.07154149428347042483
-0.07831827604291115297
-0.01044796235555986788
-0.04537143407624003033
-0.04318648197934304989
0.13542774863230486182
-0.14567210219928797277
-0.09261024332934834902
-0.02433395958929250938
-0.04466775848204079802
0.13037094419485070751
0.20983988987375598589
-0.19174802597789319947
-0.00495584197749653500
-0.11294977532132480236
0.14583458586866709927
0.04293939898765849333
-0.03970007369850781648
0.11713625387830067792
-0.26104145406083756331
-0.00193395281067005090
-0.08529605402401412018
0.08537200071833184190
-0.00440903799563872618
-0.08419407764860654952
0.10864333230853573387
0.02264293820699784382
-0.07304559814405794937
0.04860450266563967614
0.05691991036656394998
0.03715731348102301740
0.10290862281093030028
-0.22906881758740463284
-0.02635298049999346137
-0.03613595756910362861
0.01558696307576220956
-0.06896512199004191379
0.04266201393924123203
-0.06233599694148460324
0.03670411026529908638
-0.04961084193436201412
0.03057691707786501858
0.20775614805369116422
0.05304185878419281908
0.24370703172040250606
-0.09451425896887509503
-0.02360117400175577862
-0.27215357167444209630
0.01628788886281378606
-0.08619116787751664177
-0.04769761916290612275
-0.11754222765854883959
0.21839430124941611178
-0.16059227875573128808
-0.05555110732077262609
-0.09623936973403232620
-0.00663552320216951371
-0.14111690932943635191
-0.05908971817237008289
0.10219270213686947046
-0.05266061193232944582
-0.08749739675313385201
0.06896986666398229049
-0.22848670786819688661
0.09611389131543636444
-0.05878375196859606661
-0.00946380063141682125
0.19098405751669098041
-0.08878463994304204576
0.07102221680204325038
0.21901320566317844518
0.05030623469878594406
0.15036373516437476217
-0.03459510967606657661
0.10047514464461246297
-0.10109973264797031400
0.10268903533625865776
-0.01180200795815072000
0.03043569474377661940
0.17671262378133237303
-0.05958260471896304616
-0.00088963044927329617
0.01639279012911864022
-0.04873955724031605458
-0.08869644959469261125
0.04220254631534389039
0.01531023397528903998
0.06748841063420225883
-0.12857659589200406969
-0.03515240907328482517
0.33489615965488911398
-0.00381124422302855925
-0.04640828835893633098
0.01623444825669559735
-0.08262756945635370276
0.00629085811417137795
0.03985780944030278827
-0.05990130102666110790
0.02800986748367450055
-0.01114386379420555413
-0.05321967527467336839
-0.03436082949265092945
0.08424901105222509790
-0.13178093982645816551
0.09869051827372762875
0.04916919334100435662
0.00093484984755161111
-0.05071204410295140907
-0.10606727983718541863
0.02252824292713092799
0.14978145678398507856
0.11118060293424059104
-0.00622469405049893339
0.02455131568801262668
-0.05901520554032679139
0.06325348692013718632
0.12786299403958292786
0.06213325408720134918
-0.10535971598790153103
-0.03354343661880299088
0.00486567721004838201
0.07792294845261132918
0.09557359687517809343
-0.00862538904535610322
0.04853114436322158304
-0.01587140725760351201
0.00796051022999465750
-0.09458810700869718646
0.05492158930164110775
-0.08182427519207072231
0.17430643320429961562
-0.04126202628678981438
0.26602427144769752454
0.32823546656988822345
-0.07868508361251046190
-0.04849552971647253657
0.13761902971576114862
-0.05468046549257599143
-0.06669809868728850122
0.04396165896651930971
-0.00907556448043239476
0.04032014243888864397
0.14599372145820574409
-0.02646627599874686043
-0.12624145751739540566
-0.06133416303015027521
-0.06019906294501205929
0.13437023668606759563
0.11370655363338127986
0.05622774812607281292
0.36561791767363532868
0.05433461758432558270
0.18019645801727451895
0.28618215479599201645
-0.03254998372514011917
-0.07773668403483105505
0.13987552263813296527
0.07886428562123468100
-0.01589181390481094261
-0.07032059449728006451
-0.18524016826653458279
0.11371804322700421186
0.20642018045600121767
-0.10920481294045696063
-0.18978469492442356925
0.00543760376993391529
-0.14605373195580878543
0.11267347272959077342
-0.04841695109148876769
0.12080490880878190507
0.37462570230787239911
-0.12261230848433585239
0.25199758492962304190
0.35588269124338478555
-0.09905885269679086391
0.01456080204551129381
0.03949092574085630303
0.04716498712120429510
-0.07267858760859839673
-0.10888481786198742074
-0.16069927340621006917
0.03442651339914702679
0.06707482332702290051
-0.10483142645494568368
-0.04844104513321156186
0.13358279120827409869
-0.03348319266383841669
0.00685819059939051651
-0.21905251781023946100
0.03795367493487011856
0.27330663143204625420
-0.02546766494665855113
0.31589349978321362711
0.26209936899247099351
0.02151791941127968039
0.07715919470463065977
0.20696174767250866133
-0.01085817132904149870
-0.16531641208134634224
0.09308641949446108677
0.00455105120404443713
-0.07054587305267576158
-0.22493256737081937513
-0.12352382801432837400
0.01716691512235331632
0.03128214149069360323
-0.11366635513546761993
0.03025559100552174113
0.03959632309274264961
0.09275208358210804138
-0.11483925782445443542
-0.08464201179708023826
0.13091524781505159414
0.28624859986741174600
-0.00333965848339840476
-0.02792819672111224866
-0.11280055005781282340
0.25719660441718678046
-0.26755763386134423509
0.12303728695961024808
0.11519740959041900596
-0.12851089855360997571
-0.08683313329368239075
-0.17864973984722828937
-0.04623477240437143254
0.03886925034307862903
-0.24950129726350941950
0.04500299158335729216
-0.06684439803625477627
-0.07605641787122062458
-0.18970988863018609094
-0.12076912324083764749
0.22633857367355081358
0.36848670591651044859
-0.05447605943624731634
-0.12362852212676728181
0.12513157315839545936
0.19898990854564901909
-0.10554875133464558523
-0.19398870922840766307
0.09131513864623924670
0.02845909295807016320
-0.07468876104262067717
-0.23931564834835616917
-0.19235160019671918019
0.01391165917658596617
-0.10545490620017329564
0.14392433103299290265
-0.03476292130373929284
-0.06198510197101891189
0.01054162955550612749
-0.14035277591411399190
0.20465003973453671504
0.43520629670707788872
-0.15157445944850811426
-0.09677464892688113218
0.04825177327465682287
0.07554690917621116608
-0.04668659656549477288
0.02841251714290673330
-0.01953447127368227246
0.00722109324317101158
-0.11629319506163079967
-0.13544749580322207327
-0.17980940605053302717
-0.07544477887379420766
0.00857264473415788979
-0.23760641369453763816
-0.13357927665756935687
0.10506421081873942858
0.04346552873430908903
-0.17478240804416791954
0.37561952873400572539
0.27106106836177246144
-0.10138611760587507016
-0.01792188214837102736
0.18544492036500032084
0.20628377392588734263
0.15940568445563496613
0.16137860542194940039
-0.79646881701491745176
-0.25455821569573405805
1.37859243143869614201
-0.12726552048606798451
0.75284238604278330698
-0.18205426336487887107
-0.02730121817691016917
-0.20732976484316187338
-0.69783562332179727150
